82 96

8 20
9 23
12 26
5 29
1 20
1 21
1 19
1 18
15 33
6 30
7 31
13 32
11 25
3 19
14 27
4 28
16 34
2 27
2 25
2 23
2 26
2 22
2 21
2 24
10 24
0 17
20 32
23 40
26 33
29 42
18 36
18 37
19 31
21 37
33 46
30 43
31 44
32 45
25 34
27 39
28 41
34 47
22 38
22 39
24 29
17 35
40 28
42 52
36 49
37 42
46 55
43 53
44 41
45 54
39 50
41 51
47 30
38 45
38 47
35 48
52 59
49 52
49 57
55 59
53 60
54 61
50 58
51 53
48 56
59 64
57 51
60 65
61 66
58 63
56 62
64 60
65 69
66 70
63 68
62 67
62 64
69 73
70 74
68 72
67 71
73 77
74 69
72 76
71 75
71 65
77 80
76 79
75 78
79 81
78 73
81 77
