82 96

9 23
12 26
16 34
0 17
1 20
1 19
1 21
1 18
6 30
13 32
2 23
2 27
2 26
2 24
2 25
2 22
2 21
7 31
11 25
14 27
8 20
5 29
3 19
4 28
15 33
10 24
23 40
26 33
34 47
17 35
18 36
18 37
19 31
20 32
21 37
30 43
32 45
22 38
22 39
24 29
25 34
27 39
31 44
29 42
28 41
33 46
40 28
47 30
35 48
36 49
37 42
43 53
45 54
38 47
38 45
39 50
44 41
42 52
41 51
46 55
48 56
49 57
49 52
53 60
54 61
50 58
52 59
51 53
55 59
56 62
57 51
60 65
61 66
58 63
59 64
62 67
62 64
65 69
66 70
63 68
64 60
67 71
69 73
70 74
68 72
71 75
71 65
73 77
74 69
72 76
75 78
77 80
76 79
78 73
79 81
81 77
