82 96

14 27
8 20
7 31
2 24
2 26
2 21
2 27
2 25
2 23
2 22
3 19
11 25
15 33
12 26
9 23
16 34
5 29
0 17
10 24
4 28
13 32
6 30
1 21
1 20
1 18
1 19
27 39
20 32
31 44
21 37
22 39
22 38
23 40
24 29
25 34
26 33
19 31
33 46
34 47
29 42
17 35
28 41
32 45
30 43
18 36
18 37
39 50
44 41
37 42
38 47
38 45
40 28
46 55
47 30
42 52
35 48
41 51
45 54
43 53
36 49
50 58
55 59
52 59
48 56
51 53
54 61
53 60
49 52
49 57
58 63
59 64
56 62
61 66
60 65
57 51
63 68
64 60
62 67
62 64
66 70
65 69
68 72
67 71
70 74
69 73
72 76
71 75
71 65
74 69
73 77
76 79
75 78
77 80
79 81
78 73
81 77
