4-14 51
4 54
4 53
4 50
4 52
54 85
85 100
85 109
100 119
119 120
120 73
73 103
103 122
122 74
74 104
109 127
127 102
102 121
121 131
131 122
53 84
84 99
99 72
72 102
52 83
83 71
71 101
101 120
51 69
69 99
50 70
70 100
28 52
8 38
38 75
75 59
59 89
89 112
112 61
61 91
91 114
114 62
62 92
31 70
16 43
43 64
64 94
94 115
115 116
116 67
67 97
97 118
118 68
68 98
7 37
37 57
57 87
87 60
60 90
90 113
113 129
129 114
11 58
58 88
88 111
111 112
32 71
17 44
44 63
63 93
93 66
66 96
96 117
117 130
130 118
25 68
0 40
0 36
0 39
0 38
0 37
40 77
77 88
77 105
105 123
123 90
39 76
76 87
36 58
13 60
3 48
3 49
49 82
82 108
108 126
108 95
95 116
126 133
133 136
136 97
48 79
79 65
65 95
15 62
33 72
35 74
24 67
18 45
45 79
29 55
55 83
22 65
23 66
27 51
14 61
19 48
5 56
5 55
56 86
86 110
110 101
110 128
128 134
134 137
137 103
1 41
1 42
42 78
78 106
106 124
106 89
124 132
132 135
135 91
41 75
20 63
10 57
6 36
2 43
2 44
2 45
2 47
2 46
47 81
81 94
81 107
107 125
125 96
46 80
80 93
12 59
9 41
30 69
26 50
21 64
34 73
4 -> 51
pos_b
try pos (0, 0)
try pos (0, 1)
4 (0,0) -> 51 (0,0)
4 -> 54
pos_b
try pos (0, 0)
try pos (0, 1)
try pos (1, 0)
4 (0,0) -> 54 (1,1)
4 -> 53
pos_b
try pos (0, 0)
try pos (0, 1)
try pos (1, 0)
try pos (0, 1)
try pos (0, -1)
try pos (-1, 1)
try pos (1, 1)
4 (0,0) -> 53 (1,1)
4 -> 50
pos_b
try pos (0, 0)
try pos (0, 1)
try pos (1, 0)
try pos (0, 1)
try pos (0, -1)
try pos (-1, 1)
try pos (1, 1)
try pos (1, -1)
try pos (-1, -1)
try pos (0, 2)
4 (0,0) -> 50 (0,0)
4 -> 52
pos_b
try pos (0, 0)
try pos (0, 1)
try pos (1, 0)
try pos (0, 1)
try pos (0, -1)
try pos (-1, 1)
try pos (1, 1)
try pos (1, -1)
try pos (-1, -1)
try pos (0, 2)
try pos (2, 0)
4 (0,0) -> 52 (2,2)
54 -> 85
pos_b
try pos (1, 0)
try pos (1, 1)
try pos (2, 0)
try pos (1, 1)
try pos (1, -1)
try pos (0, 1)
try pos (2, 1)
54 (1,0) -> 85 (2,2)
85 -> 100
pos_b
try pos (2, 1)
try pos (2, 2)
85 (2,1) -> 100 (2,2)
85 -> 109
pos_b
try pos (2, 1)
try pos (2, 2)
try pos (3, 1)
85 (2,1) -> 109 (3,3)
100 -> 119
pos_b
try pos (2, 2)
try pos (2, 3)
100 (2,2) -> 119 (2,2)
119 -> 120
pos_b
try pos (2, 3)
try pos (2, 4)
119 (2,3) -> 120 (2,2)
120 -> 73
pos_b
try pos (2, 4)
try pos (2, 5)
120 (2,4) -> 73 (2,2)
73 -> 103
pos_b
try pos (2, 5)
try pos (2, 6)
73 (2,5) -> 103 (2,2)
103 -> 122
pos_b
try pos (2, 6)
try pos (2, 7)
103 (2,6) -> 122 (2,2)
122 -> 74
pos_b
try pos (2, 7)
try pos (2, 8)
122 (2,7) -> 74 (2,2)
74 -> 104
pos_b
try pos (2, 8)
try pos (2, 9)
74 (2,8) -> 104 (2,2)
109 -> 127
pos_b
try pos (3, 1)
try pos (3, 2)
109 (3,1) -> 127 (3,3)
127 -> 102
pos_b
try pos (3, 2)
try pos (3, 3)
127 (3,2) -> 102 (3,3)
102 -> 121
pos_b
try pos (3, 3)
try pos (3, 4)
102 (3,3) -> 121 (3,3)
121 -> 131
pos_b
try pos (3, 4)
try pos (3, 5)
121 (3,4) -> 131 (3,3)
131 -> 122
131 (3,5) -> 122 (2,2)
53 -> 84
pos_b
try pos (1, 1)
try pos (1, 2)
53 (1,1) -> 84 (1,1)
84 -> 99
pos_b
try pos (1, 2)
try pos (1, 3)
84 (1,2) -> 99 (1,1)
99 -> 72
pos_b
try pos (1, 3)
try pos (1, 4)
99 (1,3) -> 72 (1,1)
72 -> 102
72 (1,4) -> 102 (3,3)
52 -> 83
pos_b
try pos (2, 0)
try pos (2, 1)
try pos (3, 0)
52 (2,0) -> 83 (3,3)
83 -> 71
pos_b
try pos (3, 0)
try pos (3, 1)
try pos (4, 0)
83 (3,0) -> 71 (4,4)
71 -> 101
pos_b
try pos (4, 0)
try pos (4, 1)
71 (4,0) -> 101 (4,4)
101 -> 120
101 (4,1) -> 120 (2,2)
51 -> 69
pos_b
try pos (0, 1)
try pos (0, 2)
try pos (1, 1)
try pos (0, 2)
try pos (0, 0)
try pos (-1, 2)
try pos (1, 2)
try pos (1, 0)
try pos (-1, 0)
try pos (0, 3)
51 (0,1) -> 69 (0,0)
69 -> 99
69 (0,3) -> 99 (1,1)
50 -> 70
pos_b
try pos (0, 2)
try pos (0, 3)
try pos (1, 2)
try pos (0, 3)
try pos (0, 1)
try pos (-1, 3)
try pos (1, 3)
try pos (1, 1)
try pos (-1, 1)
try pos (0, 4)
50 (0,2) -> 70 (0,0)
70 -> 100
70 (0,4) -> 100 (2,2)
28 -> 52
pos to 28
try pos (-1, -1)
try pos (-1, 0)
try pos (0, -1)
try pos (-1, 0)
try pos (-1, -2)
try pos (-2, 0)
try pos (0, 0)
try pos (0, -2)
try pos (-2, -2)
try pos (-1, 1)
try pos (1, -1)
try pos (-1, -3)
try pos (-3, -1)
try pos (-2, 1)
try pos (0, 1)
try pos (0, -3)
try pos (-2, -3)
try pos (-3, 0)
try pos (1, 0)
try pos (1, -2)
try pos (-3, -2)
try pos (-1, 2)
try pos (2, -1)
try pos (-1, 2)
try pos (-1, -4)
try pos (-4, -1)
try pos (1, 1)
try pos (1, -3)
try pos (-3, -3)
try pos (-3, 1)
try pos (0, 2)
try pos (2, 0)
try pos (2, -2)
try pos (0, -4)
try pos (-2, -4)
try pos (-4, -2)
try pos (-4, 0)
try pos (-2, 2)
try pos (-1, 3)
try pos (3, -1)
try pos (-1, -5)
try pos (-5, -1)
try pos (1, 2)
try pos (2, 1)
try pos (2, -3)
try pos (1, -4)
try pos (-3, -4)
try pos (-4, -3)
try pos (-4, 1)
try pos (-3, 2)
try pos (0, 3)
try pos (3, 0)
try pos (3, -2)
try pos (0, -5)
try pos (-2, -5)
try pos (-5, -2)
try pos (-5, 0)
try pos (-2, 3)
try pos (-1, 4)
try pos (4, -1)
try pos (-1, -6)
try pos (-6, -1)
try pos (3, 3)
try pos (-1, -1)
try pos (-1, -1)
No solution!

  4  51  50  69  70  -1  -1  -1  -1  -1  -1  -1 
 54  53  84  99  72  -1  -1  -1  -1  -1  -1  -1 
 52  85 100 119 120  73 103 122  74 104  -1  -1 
 83 109 127 102 121 131  -1  -1  -1  -1  -1  -1 
 71 101  -1  -1  -1  -1  -1  -1  -1  -1  -1  -1 
 -1  -1  -1  -1  -1  -1  -1  -1  -1  -1  -1  -1 
 -1  -1  -1  -1  -1  -1  -1  -1  -1  -1  -1  -1 
 -1  -1  -1  -1  -1  -1  -1  -1  -1  -1  -1  -1 
 -1  -1  -1  -1  -1  -1  -1  -1  -1  -1  -1  -1 
 -1  -1  -1  -1  -1  -1  -1  -1  -1  -1  -1  -1 
 -1  -1  -1  -1  -1  -1  -1  -1  -1  -1  -1  -1 
 -1  -1  -1  -1  -1  -1  -1  -1  -1  -1  -1  -1 
Time placement: 0 ms

