118 142

10 26
11 24
16 38
0 20
19 30
7 32
6 35
2 29
2 27
2 31
2 25
2 32
2 28
2 24
2 30
2 33
2 26
3 22
5 23
9 27
17 28
13 36
14 33
18 39
12 25
15 37
1 22
1 23
1 21
4 34
8 29
26 45
24 44
38 53
20 40
30 46
32 34
35 50
25 43
27 39
28 42
29 38
31 48
31 47
33 48
22 35
23 43
36 51
39 54
37 52
21 41
21 42
34 49
45 59
44 58
53 66
40 55
46 60
50 63
43 36
42 57
47 61
47 53
47 50
47 54
48 37
51 64
54 67
52 65
41 56
49 62
59 72
58 71
66 78
55 68
60 73
63 75
57 70
61 52
61 73
61 62
64 76
67 79
65 77
56 51
56 63
56 69
62 74
72 83
71 75
78 88
68 80
73 82
75 85
70 82
76 86
79 76
77 87
69 64
69 81
74 84
83 92
88 97
80 89
82 91
85 94
86 95
87 96
81 90
81 91
81 85
84 93
92 94
97 95
89 98
91 93
94 101
95 102
96 103
90 86
90 99
93 100
98 104
101 105
102 106
103 107
99 100
100 103
104 108
105 109
106 110
107 110
108 111
108 107
109 112
110 113
111 114
112 115
113 116
114 113
115 116
116 117
