118 142

14 33
11 24
0 20
1 23
1 22
1 21
8 29
16 38
13 36
6 35
19 30
4 34
15 37
18 39
3 22
12 25
5 23
10 26
17 28
2 26
2 32
2 24
2 30
2 27
2 28
2 29
2 25
2 31
2 33
9 27
7 32
33 48
24 44
20 40
21 41
21 42
22 35
23 43
29 38
38 53
36 51
35 50
30 46
34 49
37 52
39 54
25 43
26 45
28 42
27 39
31 47
31 48
32 34
48 37
44 58
40 55
41 56
42 57
43 36
53 66
51 64
50 63
46 60
49 62
52 65
54 67
45 59
47 54
47 53
47 61
47 50
58 71
55 68
56 69
56 51
56 63
57 70
66 78
64 76
63 75
60 73
62 74
65 77
67 79
59 72
61 52
61 62
61 73
71 75
68 80
69 64
69 81
70 82
78 88
76 86
75 85
73 82
74 84
77 87
79 76
72 83
80 89
81 90
81 85
81 91
82 91
88 97
86 95
85 94
84 93
87 96
83 92
89 98
90 99
90 86
91 93
97 95
95 102
94 101
93 100
96 103
92 94
98 104
99 100
102 106
101 105
100 103
103 107
104 108
106 110
105 109
107 110
108 111
108 107
110 113
109 112
111 114
113 116
112 115
114 113
116 117
115 116
