118 142

14 33
11 24
18 39
5 23
9 27
10 26
12 25
0 20
6 35
17 28
15 37
13 36
2 31
2 30
2 27
2 33
2 25
2 32
2 29
2 28
2 26
2 24
19 30
3 22
4 34
7 32
1 22
1 21
1 23
8 29
16 38
33 48
24 44
39 54
23 43
27 39
26 45
25 43
20 40
35 50
28 42
37 52
36 51
29 38
30 46
31 47
31 48
32 34
22 35
34 49
21 42
21 41
38 53
48 37
44 58
54 67
43 36
45 59
40 55
50 63
42 57
52 65
51 64
46 60
47 50
47 53
47 54
47 61
49 62
41 56
53 66
58 71
67 79
59 72
55 68
63 75
57 70
65 77
64 76
60 73
61 52
61 62
61 73
62 74
56 63
56 51
56 69
66 78
71 75
79 76
72 83
68 80
75 85
70 82
77 87
76 86
73 82
74 84
69 64
69 81
78 88
83 92
80 89
85 94
82 91
87 96
86 95
84 93
81 91
81 90
81 85
88 97
92 94
89 98
94 101
91 93
96 103
95 102
93 100
90 86
90 99
97 95
98 104
101 105
103 107
102 106
100 103
99 100
104 108
105 109
107 110
106 110
108 111
108 107
109 112
110 113
111 114
112 115
113 116
114 113
115 116
116 117
