82 96

3 19
5 29
12 26
1 21
1 19
1 18
1 20
9 23
13 32
10 24
2 27
2 24
2 26
2 22
2 25
2 23
2 21
11 25
7 31
8 20
14 27
4 28
0 17
15 33
16 34
6 30
19 31
29 42
26 33
18 36
18 37
20 32
21 37
23 40
32 45
24 29
22 38
22 39
25 34
27 39
31 44
28 41
17 35
33 46
34 47
30 43
42 52
36 49
37 42
40 28
45 54
38 45
38 47
39 50
44 41
41 51
35 48
46 55
47 30
43 53
52 59
49 57
49 52
54 61
50 58
51 53
48 56
55 59
53 60
59 64
57 51
61 66
58 63
56 62
60 65
64 60
66 70
63 68
62 67
62 64
65 69
70 74
68 72
67 71
69 73
74 69
72 76
71 65
71 75
73 77
76 79
75 78
77 80
79 81
78 73
81 77
