82 96

3 19
6 30
4 28
11 25
15 33
8 20
14 27
2 24
2 23
2 27
2 22
2 26
2 21
2 25
1 18
1 19
1 20
1 21
5 29
0 17
10 24
16 34
7 31
13 32
9 23
12 26
19 31
30 43
28 41
25 34
33 46
20 32
27 39
21 37
22 38
22 39
23 40
24 29
26 33
18 36
18 37
29 42
17 35
34 47
31 44
32 45
43 53
41 51
46 55
39 50
37 42
38 47
38 45
40 28
36 49
42 52
35 48
47 30
44 41
45 54
53 60
51 53
55 59
50 58
49 52
49 57
52 59
48 56
54 61
60 65
59 64
58 63
57 51
56 62
61 66
65 69
64 60
63 68
62 67
62 64
66 70
69 73
68 72
67 71
70 74
73 77
72 76
71 65
71 75
74 69
77 80
76 79
75 78
79 81
78 73
81 77
