82 96

8 20
11 25
16 34
12 26
13 32
1 20
1 19
1 18
1 21
15 33
4 28
9 23
14 27
3 19
5 29
7 31
10 24
0 17
6 30
2 22
2 24
2 25
2 26
2 21
2 27
2 23
20 32
25 34
34 47
26 33
32 45
18 36
18 37
19 31
21 37
33 46
28 41
23 40
27 39
29 42
31 44
24 29
17 35
30 43
22 39
22 38
47 30
45 54
36 49
37 42
46 55
41 51
40 28
39 50
42 52
44 41
35 48
43 53
38 47
38 45
54 61
49 52
49 57
55 59
51 53
50 58
52 59
48 56
53 60
61 66
57 51
59 64
58 63
56 62
60 65
66 70
64 60
63 68
62 67
62 64
65 69
70 74
68 72
67 71
69 73
74 69
72 76
71 65
71 75
73 77
76 79
75 78
77 80
79 81
78 73
81 77
