82 96

3 19
0 17
7 31
9 23
16 34
13 32
11 25
1 20
1 21
1 18
1 19
8 20
5 29
6 30
15 33
4 28
10 24
12 26
2 22
2 21
2 25
2 26
2 27
2 24
2 23
14 27
19 31
17 35
31 44
23 40
34 47
32 45
25 34
18 36
18 37
20 32
21 37
29 42
30 43
33 46
28 41
24 29
26 33
22 38
22 39
27 39
35 48
44 41
40 28
47 30
45 54
36 49
37 42
42 52
43 53
46 55
41 51
38 47
38 45
39 50
48 56
54 61
49 52
49 57
52 59
53 60
55 59
51 53
50 58
56 62
61 66
57 51
59 64
60 65
58 63
62 67
62 64
66 70
64 60
65 69
63 68
67 71
70 74
69 73
68 72
71 65
71 75
74 69
73 77
72 76
75 78
77 80
76 79
78 73
79 81
81 77
