82 96

1 20
1 19
1 18
1 21
11 25
12 26
6 30
7 31
16 34
0 17
4 28
2 23
2 25
2 27
2 26
2 21
2 24
2 22
14 27
9 23
10 24
15 33
13 32
8 20
5 29
3 19
18 37
18 36
19 31
20 32
21 37
25 34
26 33
30 43
31 44
34 47
17 35
28 41
22 38
22 39
23 40
24 29
27 39
33 46
32 45
29 42
36 49
37 42
43 53
44 41
47 30
35 48
41 51
38 47
38 45
39 50
40 28
46 55
45 54
42 52
49 52
49 57
53 60
48 56
51 53
50 58
55 59
54 61
52 59
57 51
60 65
56 62
58 63
59 64
61 66
65 69
62 64
62 67
63 68
64 60
66 70
69 73
67 71
68 72
70 74
73 77
71 65
71 75
72 76
74 69
77 80
75 78
76 79
78 73
79 81
81 77
