82 96

0 17
2 25
2 23
2 24
2 27
2 26
2 22
2 21
10 24
11 25
8 20
3 19
6 30
16 34
15 33
12 26
7 31
1 19
1 21
1 20
1 18
13 32
14 27
4 28
9 23
5 29
17 35
21 37
22 39
22 38
23 40
24 29
25 34
26 33
27 39
20 32
19 31
30 43
34 47
33 46
31 44
18 37
18 36
32 45
28 41
29 42
35 48
37 42
38 47
38 45
39 50
40 28
43 53
47 30
46 55
44 41
36 49
45 54
41 51
42 52
48 56
50 58
53 60
55 59
49 57
49 52
54 61
51 53
52 59
56 62
58 63
60 65
59 64
57 51
61 66
62 67
62 64
63 68
65 69
64 60
66 70
67 71
68 72
69 73
70 74
71 75
71 65
72 76
73 77
74 69
75 78
76 79
77 80
78 73
79 81
81 77
