82 96

3 19
15 33
6 30
10 24
14 27
11 25
16 34
1 19
1 21
1 18
1 20
4 28
0 17
13 32
9 23
8 20
2 24
2 25
2 22
2 21
2 26
2 27
2 23
5 29
12 26
7 31
19 31
33 46
30 43
24 29
27 39
25 34
34 47
18 36
18 37
20 32
21 37
28 41
17 35
32 45
23 40
22 39
22 38
26 33
29 42
31 44
46 55
43 53
39 50
47 30
36 49
37 42
41 51
35 48
45 54
40 28
38 45
38 47
42 52
44 41
55 59
53 60
50 58
49 57
49 52
51 53
48 56
54 61
52 59
59 64
60 65
58 63
57 51
56 62
61 66
64 60
65 69
63 68
62 67
62 64
66 70
69 73
68 72
67 71
70 74
73 77
72 76
71 75
71 65
74 69
77 80
76 79
75 78
79 81
78 73
81 77
