82 96

11 25
4 28
15 33
5 29
0 17
2 27
2 25
2 21
2 24
2 22
2 23
2 26
6 30
8 20
7 31
16 34
12 26
1 21
1 18
1 20
1 19
3 19
13 32
10 24
9 23
14 27
25 34
28 41
33 46
29 42
17 35
21 37
22 38
22 39
23 40
24 29
26 33
27 39
30 43
20 32
31 44
34 47
18 36
18 37
19 31
32 45
41 51
46 55
42 52
35 48
37 42
38 47
38 45
39 50
40 28
43 53
44 41
47 30
36 49
45 54
51 53
55 59
52 59
48 56
50 58
53 60
49 57
49 52
54 61
59 64
56 62
58 63
60 65
57 51
61 66
64 60
62 64
62 67
63 68
65 69
66 70
67 71
68 72
69 73
70 74
71 75
71 65
72 76
73 77
74 69
75 78
76 79
77 80
78 73
79 81
81 77
