82 96

15 33
14 27
5 29
6 30
1 21
1 19
1 20
1 18
13 32
2 22
2 27
2 25
2 23
2 26
2 21
2 24
3 19
7 31
16 34
10 24
0 17
12 26
11 25
8 20
9 23
4 28
33 46
27 39
29 42
30 43
18 36
18 37
19 31
20 32
21 37
32 45
22 39
22 38
23 40
24 29
25 34
26 33
31 44
34 47
17 35
28 41
46 55
39 50
42 52
43 53
36 49
37 42
45 54
38 45
38 47
40 28
44 41
47 30
35 48
41 51
55 59
50 58
52 59
53 60
49 57
49 52
54 61
48 56
51 53
59 64
58 63
60 65
57 51
61 66
56 62
64 60
63 68
65 69
66 70
62 67
62 64
68 72
69 73
70 74
67 71
72 76
73 77
74 69
71 65
71 75
76 79
77 80
75 78
79 81
78 73
81 77
