138 156

4 51
4 54
4 53
4 50
4 52
54 85
85 100
85 109
100 119
119 120
120 73
73 103
103 122
122 74
74 104
109 127
127 102
102 121
121 131
131 122
53 84
84 99
99 72
72 102
52 83
83 71
71 101
101 120
51 69
69 99
50 70
70 100
28 52
8 38
38 75
75 59
59 89
89 112
112 61
61 91
91 114
114 62
62 92
31 70
16 43
43 64
64 94
94 115
115 116
116 67
67 97
97 118
118 68
68 98
7 37
37 57
57 87
87 60
60 90
90 113
113 129
129 114
11 58
58 88
88 111
111 112
32 71
17 44
44 63
63 93
93 66
66 96
96 117
117 130
130 118
25 68
0 40
0 36
0 39
0 38
0 37
40 77
77 88
77 105
105 123
123 90
39 76
76 87
36 58
13 60
3 48
3 49
49 82
82 108
108 126
108 95
95 116
126 133
133 136
136 97
48 79
79 65
65 95
15 62
33 72
35 74
24 67
18 45
45 79
29 55
55 83
22 65
23 66
27 51
14 61
19 48
5 56
5 55
56 86
86 110
110 101
110 128
128 134
134 137
137 103
1 41
1 42
42 78
78 106
106 124
106 89
124 132
132 135
135 91
41 75
20 63
10 57
6 36
2 43
2 44
2 45
2 47
2 46
47 81
81 94
81 107
107 125
125 96
46 80
80 93
12 59
9 41
30 69
26 50
21 64
34 73
