138 156

14 61
2 43
2 45
2 47
2 46
2 44
6 36
22 65
11 58
13 60
17 44
28 52
15 62
33 72
23 66
5 55
5 56
7 37
19 48
27 51
0 40
0 39
0 36
0 37
0 38
9 41
1 42
1 41
4 54
4 53
4 51
4 52
4 50
12 59
26 50
32 71
3 48
3 49
18 45
29 55
35 74
8 38
34 73
30 69
16 43
24 67
10 57
20 63
31 70
25 68
21 64
61 91
43 64
44 63
45 79
46 80
47 81
36 58
65 95
58 88
60 90
52 83
62 92
72 102
66 96
55 83
56 86
37 57
48 79
51 69
38 75
39 76
40 77
41 75
42 78
50 70
53 84
54 85
59 89
71 101
49 82
74 104
73 103
69 99
67 97
57 87
63 93
70 100
68 98
64 94
91 114
79 65
80 93
81 107
81 94
95 116
88 111
90 113
83 71
102 121
96 117
86 110
75 59
76 87
77 88
77 105
78 106
84 99
85 109
85 100
89 112
101 120
82 108
103 122
99 72
97 118
87 60
93 66
100 119
94 115
114 62
107 125
116 67
111 112
113 129
121 131
117 130
110 101
110 128
105 123
106 89
106 124
109 127
112 61
120 73
108 126
108 95
122 74
118 68
119 120
115 116
125 96
129 114
131 122
130 118
128 134
123 90
124 132
127 102
126 133
134 137
132 135
133 136
137 103
135 91
136 97
