138 156

16 43
29 55
34 73
24 67
19 48
26 50
30 69
21 64
1 41
1 42
6 36
2 45
2 44
2 46
2 43
2 47
11 58
7 37
10 57
33 72
4 54
4 53
4 50
4 51
4 52
17 44
25 68
18 45
13 60
8 38
35 74
5 55
5 56
32 71
22 65
23 66
3 48
3 49
0 39
0 36
0 38
0 37
0 40
28 52
27 51
31 70
12 59
15 62
14 61
20 63
9 41
43 64
55 83
73 103
67 97
48 79
50 70
69 99
64 94
41 75
42 78
36 58
44 63
45 79
46 80
47 81
58 88
37 57
57 87
72 102
51 69
52 83
53 84
54 85
68 98
60 90
38 75
74 104
56 86
71 101
65 95
66 96
49 82
39 76
40 77
70 100
59 89
62 92
61 91
63 93
83 71
103 122
97 118
79 65
99 72
94 115
75 59
78 106
80 93
81 107
81 94
88 111
87 60
102 121
84 99
85 100
85 109
90 113
86 110
101 120
95 116
96 117
82 108
76 87
77 88
77 105
100 119
89 112
91 114
93 66
122 74
118 68
115 116
106 124
106 89
107 125
111 112
121 131
109 127
113 129
110 128
110 101
120 73
116 67
117 130
108 95
108 126
105 123
119 120
112 61
114 62
124 132
125 96
131 122
127 102
129 114
128 134
130 118
126 133
123 90
132 135
134 137
133 136
135 91
137 103
136 97
