138 156

3 49
3 48
49 82
82 108
108 95
108 126
95 116
116 67
67 97
97 118
118 68
68 98
126 133
133 136
136 97
48 79
79 65
65 95
6 36
36 58
58 88
88 111
111 112
112 61
61 91
91 114
114 62
62 92
16 43
43 64
64 94
94 115
115 116
30 69
69 99
99 72
72 102
102 121
121 131
131 122
122 74
74 104
22 65
24 67
13 60
60 90
90 113
113 129
129 114
10 57
57 87
87 60
34 73
73 103
103 122
28 52
52 83
83 71
71 101
101 120
120 73
19 48
33 72
17 44
44 63
63 93
93 66
66 96
96 117
117 130
130 118
1 41
1 42
42 78
78 106
106 124
106 89
89 112
124 132
132 135
135 91
41 75
75 59
59 89
20 63
31 70
70 100
100 119
119 120
23 66
8 38
38 75
12 59
26 50
50 70
15 62
0 36
0 38
0 37
0 40
0 39
40 77
77 88
77 105
105 123
123 90
39 76
76 87
37 57
7 37
2 46
2 47
2 43
2 44
2 45
47 81
81 94
81 107
107 125
125 96
46 80
80 93
45 79
25 68
11 58
29 55
55 83
35 74
32 71
18 45
4 51
4 50
4 52
4 54
4 53
54 85
85 100
85 109
109 127
127 102
53 84
84 99
51 69
27 51
14 61
5 56
5 55
56 86
86 110
110 101
110 128
128 134
134 137
137 103
9 41
21 64
