138 156

33 72
10 57
32 71
15 62
31 70
20 63
5 55
5 56
1 41
1 42
19 48
14 61
12 59
24 67
27 51
28 52
25 68
23 66
0 36
0 37
0 39
0 40
0 38
9 41
13 60
3 48
3 49
4 53
4 54
4 52
4 50
4 51
30 69
22 65
35 74
29 55
8 38
26 50
7 37
34 73
21 64
2 43
2 45
2 44
2 47
2 46
11 58
16 43
17 44
6 36
18 45
72 102
57 87
71 101
62 92
70 100
63 93
55 83
56 86
41 75
42 78
48 79
61 91
59 89
67 97
51 69
52 83
68 98
66 96
36 58
37 57
38 75
39 76
40 77
60 90
49 82
50 70
53 84
54 85
69 99
65 95
74 104
73 103
64 94
43 64
44 63
45 79
46 80
47 81
58 88
102 121
87 60
101 120
100 119
93 66
83 71
86 110
75 59
78 106
79 65
91 114
89 112
97 118
96 117
76 87
77 105
77 88
90 113
82 108
84 99
85 109
85 100
99 72
95 116
103 122
94 115
80 93
81 94
81 107
88 111
121 131
120 73
119 120
110 128
110 101
106 124
106 89
114 62
112 61
118 68
117 130
105 123
113 129
108 126
108 95
109 127
116 67
122 74
115 116
107 125
111 112
131 122
128 134
124 132
130 118
123 90
129 114
126 133
127 102
125 96
134 137
132 135
133 136
137 103
135 91
136 97
