138 156

21 64
13 60
4 50
4 51
4 52
4 53
4 54
30 69
35 74
34 73
33 72
1 42
1 41
14 61
24 67
25 68
23 66
12 59
29 55
10 57
31 70
2 44
2 45
2 46
2 43
2 47
8 38
17 44
6 36
11 58
27 51
22 65
26 50
18 45
16 43
5 55
5 56
19 48
3 49
3 48
9 41
7 37
32 71
0 38
0 36
0 37
0 39
0 40
20 63
15 62
28 52
64 94
60 90
50 70
51 69
52 83
53 84
54 85
69 99
74 104
73 103
72 102
41 75
42 78
61 91
67 97
68 98
66 96
59 89
55 83
57 87
70 100
43 64
44 63
45 79
46 80
47 81
38 75
36 58
58 88
65 95
56 86
48 79
49 82
37 57
71 101
39 76
40 77
63 93
62 92
94 115
90 113
83 71
84 99
85 109
85 100
99 72
103 122
102 121
75 59
78 106
91 114
97 118
96 117
89 112
87 60
100 119
79 65
80 93
81 94
81 107
88 111
95 116
86 110
82 108
101 120
76 87
77 105
77 88
93 66
115 116
113 129
109 127
122 74
121 131
106 124
106 89
114 62
118 68
117 130
112 61
119 120
107 125
111 112
116 67
110 128
110 101
108 95
108 126
120 73
105 123
129 114
127 102
131 122
124 132
130 118
125 96
128 134
126 133
123 90
132 135
134 137
133 136
135 91
137 103
136 97
