138 156

26 50
50 70
70 100
100 119
119 120
120 73
73 103
103 122
122 74
74 104
6 36
36 58
58 88
88 111
111 112
112 61
61 91
91 114
114 62
62 92
23 66
66 96
96 117
117 130
130 118
118 68
68 98
18 45
45 79
79 65
65 95
95 116
116 67
67 97
97 118
19 48
48 79
13 60
60 90
90 113
113 129
129 114
0 39
0 38
0 40
0 37
0 36
40 77
77 105
77 88
105 123
123 90
39 76
76 87
87 60
38 75
75 59
59 89
89 112
37 57
57 87
31 70
22 65
32 71
71 101
101 120
25 68
24 67
1 42
1 41
42 78
78 106
106 124
106 89
124 132
132 135
135 91
41 75
17 44
44 63
63 93
93 66
28 52
52 83
83 71
9 41
10 57
5 55
5 56
56 86
86 110
110 101
110 128
128 134
134 137
137 103
55 83
16 43
43 64
64 94
94 115
115 116
14 61
34 73
35 74
29 55
33 72
72 102
102 121
121 131
131 122
20 63
15 62
27 51
51 69
69 99
99 72
3 49
3 48
49 82
82 108
108 126
108 95
126 133
133 136
136 97
30 69
8 38
7 37
4 50
4 53
4 52
4 54
4 51
54 85
85 109
85 100
109 127
127 102
53 84
84 99
12 59
11 58
2 44
2 45
2 47
2 46
2 43
47 81
81 94
81 107
107 125
125 96
46 80
80 93
21 64
