138 156

30 69
23 66
9 41
1 42
1 41
12 59
19 48
14 61
6 36
26 50
5 56
5 55
25 68
22 65
33 72
15 62
32 71
24 67
10 57
11 58
21 64
16 43
2 47
2 44
2 45
2 46
2 43
28 52
31 70
18 45
8 38
29 55
17 44
34 73
20 63
3 48
3 49
4 50
4 51
4 52
4 53
4 54
7 37
13 60
35 74
0 40
0 36
0 37
0 39
0 38
27 51
69 99
66 96
41 75
42 78
59 89
48 79
61 91
36 58
50 70
55 83
56 86
68 98
65 95
72 102
62 92
71 101
67 97
57 87
58 88
64 94
43 64
44 63
45 79
46 80
47 81
52 83
70 100
38 75
73 103
63 93
49 82
51 69
53 84
54 85
37 57
60 90
74 104
39 76
40 77
99 72
96 117
75 59
78 106
89 112
79 65
91 114
83 71
86 110
95 116
102 121
101 120
97 118
87 60
88 111
94 115
80 93
81 94
81 107
100 119
103 122
93 66
82 108
84 99
85 100
85 109
90 113
76 87
77 88
77 105
117 130
106 89
106 124
112 61
114 62
110 101
110 128
116 67
121 131
120 73
118 68
111 112
115 116
107 125
119 120
122 74
108 126
108 95
109 127
113 129
105 123
130 118
124 132
128 134
131 122
125 96
126 133
127 102
129 114
123 90
132 135
134 137
133 136
135 91
137 103
136 97
