138 156

7 37
37 57
57 87
87 60
60 90
90 113
113 129
129 114
114 62
62 92
25 68
68 98
3 49
3 48
49 82
82 108
108 95
108 126
95 116
116 67
67 97
97 118
118 68
126 133
133 136
136 97
48 79
79 65
65 95
16 43
43 64
64 94
94 115
115 116
10 57
0 37
0 36
0 39
0 38
0 40
40 77
77 105
77 88
88 111
111 112
112 61
61 91
91 114
105 123
123 90
39 76
76 87
38 75
75 59
59 89
89 112
36 58
58 88
11 58
9 41
41 75
14 61
2 47
2 43
2 44
2 45
2 46
47 81
81 107
81 94
107 125
125 96
96 117
117 130
130 118
46 80
80 93
93 66
66 96
45 79
44 63
63 93
26 50
50 70
70 100
100 119
119 120
120 73
73 103
103 122
122 74
74 104
18 45
15 62
8 38
5 56
5 55
56 86
86 110
110 128
110 101
101 120
128 134
134 137
137 103
55 83
83 71
71 101
28 52
52 83
6 36
27 51
51 69
69 99
99 72
72 102
102 121
121 131
131 122
33 72
35 74
30 69
32 71
1 41
1 42
42 78
78 106
106 124
106 89
124 132
132 135
135 91
21 64
31 70
13 60
23 66
24 67
34 73
29 55
4 54
4 53
4 50
4 51
4 52
54 85
85 109
85 100
109 127
127 102
53 84
84 99
22 65
12 59
19 48
20 63
17 44
