74
73
71
70
6D
69
65
5E
5C
55
53
48
3B
2D
1A
A
2
4B
51
45
38
29
15
1
47
3F
3A
2C
18
B
2
38
32
2F
23
1F
2
6
16
3
1
6E
72
6F
6C
68
62
59
50
44
37
28
14
0
6A
6B
66
5F
56
61
58
4E
42
35
2F
26
1D
10
8
2
4C
5A
51
40
4F
43
36
27
2F
12
1B
9
2
45
33
38
24
D
2B
17
19
C
2
5
1
6C
67
60
64
57
4D
41
34
3D
25
2F
F
30
1F
21
2
E
63
5D
5A
5B
54
4A
3E
31
3D
22
20
4
7
2
51
52
49
46
39
2A
1C
15
11
2
3D
3C
2E
1E
13
0
0
0
0
0
0
0
0
0
0
0
0
0
0
0
0
0
0
0
0
0
0
0
0
0
0
0
0
0
0
0
0
0
0
0
0
0
0
0
0
0
0
0
0
0
0
0
0
0
0
0
0
0
0
0
0
0
0
0
0
0
0
0
0
0
0
0
0
0
0
0
0
0
0
0
0
0
0
0
0
0
0
0
0
0
0
0
0
0
0
0
0
0
0
0
0
0
0
0
0
0
0
0
0
0
0
0
0
0
0
0
0
0
0
0
