74
71
73
70
6D
69
65
5E
5C
55
53
48
3B
2D
1A
2
A
4B
51
45
38
29
15
1
47
3F
3A
2C
18
2
B
32
38
23
2F
1F
2
16
6
1
3
72
6E
6F
6C
68
62
59
50
44
37
28
14
0
6B
6A
66
5F
56
61
58
4E
42
35
2F
26
10
1D
8
2
4C
5A
51
40
4F
43
36
27
2F
1B
12
9
2
33
45
24
38
2B
D
17
19
C
2
5
1
6C
67
60
64
57
4D
41
34
25
3D
2F
F
30
21
1F
2
E
63
5D
5A
54
5B
4A
3E
3D
31
22
4
20
7
2
52
51
49
46
39
2A
1C
15
2
11
3D
3C
2E
1E
2
0
0
0
0
0
0
0
0
0
0
0
0
0
0
0
0
0
0
0
0
0
0
0
0
0
0
0
0
0
0
0
0
0
0
0
0
0
0
0
0
0
0
0
0
0
0
0
0
0
0
0
0
0
0
0
0
0
0
0
0
0
0
0
0
0
0
0
0
0
0
0
0
0
0
0
0
0
0
0
0
0
0
0
0
0
0
0
0
0
0
0
0
0
0
0
0
0
0
0
0
0
0
0
0
0
0
0
0
0
0
0
0
0
0
0
