74
71
73
70
6D
69
65
5E
55
5C
53
48
3B
2D
1A
A
2
4B
51
45
38
29
15
1
47
3F
3A
2C
18
2
B
32
38
2F
23
1F
2
6
16
1
3
6E
72
6F
6C
68
62
59
50
44
37
28
14
0
6A
6B
66
5F
61
56
58
4E
42
35
2F
26
1D
10
2
8
5A
4C
51
4F
40
43
36
2F
27
1B
12
9
2
45
33
38
24
D
2B
17
19
2
C
1
5
6C
67
60
64
57
4D
41
34
3D
25
2F
30
F
21
1F
2
E
5D
63
5A
5B
54
4A
3E
31
3D
22
4
20
7
2
52
51
46
49
39
2A
1C
15
2
11
3D
3C
2E
1E
13
0
0
0
0
0
0
0
0
0
0
0
0
0
0
0
0
0
0
0
0
0
0
0
0
0
0
0
0
0
0
0
0
0
0
0
0
0
0
0
0
0
0
0
0
0
0
0
0
0
0
0
0
0
0
0
0
0
0
0
0
0
0
0
0
0
0
0
0
0
0
0
0
0
0
0
0
0
0
0
0
0
0
0
0
0
0
0
0
0
0
0
0
0
0
0
0
0
0
0
0
0
0
0
0
0
0
0
0
0
0
0
0
0
0
0
