74
73
71
70
6D
69
65
5E
55
5C
53
48
3B
2D
1A
2
A
51
4B
45
38
29
15
1
47
3F
3A
2C
18
2
B
32
38
2F
23
1F
2
16
6
1
3
6E
72
6F
6C
68
62
59
50
44
37
28
14
0
6B
6A
66
5F
56
61
58
4E
42
35
2F
26
1D
10
2
8
5A
4C
51
4F
40
43
36
2F
27
12
1B
2
9
45
33
38
24
D
2B
19
17
C
2
5
1
6C
67
64
60
57
4D
41
34
3D
25
2F
F
30
1F
21
2
E
63
5D
5A
54
5B
4A
3E
31
3D
22
4
20
7
2
51
52
46
49
39
2A
15
1C
2
11
3D
3C
2E
1E
13
0
0
0
0
0
0
0
0
0
0
0
0
0
0
0
0
0
0
0
0
0
0
0
0
0
0
0
0
0
0
0
0
0
0
0
0
0
0
0
0
0
0
0
0
0
0
0
0
0
0
0
0
0
0
0
0
0
0
0
0
0
0
0
0
0
0
0
0
0
0
0
0
0
0
0
0
0
0
0
0
0
0
0
0
0
0
0
0
0
0
0
0
0
0
0
0
0
0
0
0
0
0
0
0
0
0
0
0
0
0
0
0
0
0
0
