74
73
71
70
6D
69
65
5E
5C
55
53
48
3B
2D
1A
2
A
4B
51
45
38
29
15
1
47
3F
3A
2C
18
2
B
32
38
23
2F
1F
2
6
16
3
1
72
6E
6F
6C
68
62
59
50
44
37
28
14
0
6B
6A
66
5F
61
56
58
4E
42
35
26
2F
1D
10
2
8
5A
4C
51
40
4F
43
36
27
2F
1B
12
9
2
33
45
24
38
2B
D
17
19
2
C
5
1
6C
67
60
64
57
4D
41
34
3D
25
2F
30
F
1F
21
E
2
5D
63
5A
54
5B
4A
3E
31
3D
22
4
20
2
7
52
51
49
46
39
2A
15
1C
11
2
3C
3D
2E
1E
13
0
0
0
0
0
0
0
0
0
0
0
0
0
0
0
0
0
0
0
0
0
0
0
0
0
0
0
0
0
0
0
0
0
0
0
0
0
0
0
0
0
0
0
0
0
0
0
0
0
0
0
0
0
0
0
0
0
0
0
0
0
0
0
0
0
0
0
0
0
0
0
0
0
0
0
0
0
0
0
0
0
0
0
0
0
0
0
0
0
0
0
0
0
0
0
0
0
0
0
0
0
0
0
0
0
0
0
0
0
0
0
0
0
0
0
