74
71
73
70
6D
69
65
5E
55
5C
53
48
3B
2D
1A
2
A
51
4B
45
38
29
15
1
3F
47
3A
2C
18
B
2
32
38
23
2F
1F
2
16
6
1
3
6E
72
6F
6C
68
62
59
50
44
37
28
14
0
6A
6B
66
5F
61
56
58
4E
42
35
26
2F
10
1D
2
8
5A
4C
51
4F
40
43
36
2F
27
12
1B
9
2
33
45
38
24
2B
D
17
19
C
2
1
5
67
6C
64
60
57
4D
41
34
3D
25
2F
30
F
21
1F
2
E
5D
63
5A
54
5B
4A
3E
3D
31
22
20
4
2
7
52
51
49
46
39
2A
15
1C
2
11
3C
3D
2E
1E
2
0
0
0
0
0
0
0
0
0
0
0
0
0
0
0
0
0
0
0
0
0
0
0
0
0
0
0
0
0
0
0
0
0
0
0
0
0
0
0
0
0
0
0
0
0
0
0
0
0
0
0
0
0
0
0
0
0
0
0
0
0
0
0
0
0
0
0
0
0
0
0
0
0
0
0
0
0
0
0
0
0
0
0
0
0
0
0
0
0
0
0
0
0
0
0
0
0
0
0
0
0
0
0
0
0
0
0
0
0
0
0
0
0
0
0
