72 88

3 21
0 10
4 11
7 21
9 20
2 20
8 10
5 25
5 22
5 24
5 27
5 23
5 18
5 26
5 28
5 29
1 16
1 12
1 13
1 19
1 17
1 14
1 11
1 15
1 18
6 23
21 39
10 30
11 31
20 38
18 37
22 30
22 39
23 40
24 40
25 41
26 42
27 43
28 44
29 38
12 32
13 31
14 33
15 34
16 35
17 36
19 22
39 50
30 45
31 46
38 51
37 50
40 52
41 52
42 53
43 54
44 51
32 47
33 46
34 48
35 49
36 45
50 58
45 55
46 56
51 57
52 59
53 59
54 60
47 56
48 55
49 57
58 64
55 61
56 62
57 63
59 64
60 63
64 67
61 65
62 66
63 67
67 68
65 68
66 69
68 70
69 70
70 71
