82 96

7 31
8 20
14 27
11 25
1 20
1 21
1 18
1 19
13 32
12 26
4 28
9 23
16 34
3 19
0 17
2 23
2 26
2 25
2 27
2 21
2 24
2 22
5 29
15 33
10 24
6 30
31 44
20 32
27 39
25 34
18 37
18 36
19 31
21 37
32 45
26 33
28 41
23 40
34 47
17 35
22 39
22 38
24 29
29 42
33 46
30 43
44 41
39 50
36 49
37 42
45 54
41 51
40 28
47 30
35 48
38 47
38 45
42 52
46 55
43 53
50 58
49 57
49 52
54 61
51 53
48 56
52 59
55 59
53 60
58 63
57 51
61 66
56 62
59 64
60 65
63 68
66 70
62 67
62 64
64 60
65 69
68 72
70 74
67 71
69 73
72 76
74 69
71 65
71 75
73 77
76 79
75 78
77 80
79 81
78 73
81 77
