82 96

8 20
16 34
1 18
1 21
1 19
1 20
4 28
11 25
14 27
15 33
2 23
2 21
2 24
2 25
2 26
2 22
2 27
3 19
6 30
9 23
13 32
5 29
0 17
10 24
12 26
7 31
20 32
34 47
18 37
18 36
19 31
21 37
28 41
25 34
27 39
33 46
22 39
22 38
23 40
24 29
26 33
30 43
32 45
29 42
17 35
31 44
47 30
36 49
37 42
41 51
39 50
46 55
38 47
38 45
40 28
43 53
45 54
42 52
35 48
44 41
49 57
49 52
51 53
50 58
55 59
53 60
54 61
52 59
48 56
57 51
58 63
59 64
60 65
61 66
56 62
63 68
64 60
65 69
66 70
62 67
62 64
68 72
69 73
70 74
67 71
72 76
73 77
74 69
71 75
71 65
76 79
77 80
75 78
79 81
78 73
81 77
