82 96

15 33
8 20
6 30
13 32
1 21
1 19
1 18
1 20
16 34
3 19
9 23
5 29
11 25
10 24
0 17
12 26
14 27
4 28
7 31
2 24
2 25
2 21
2 23
2 26
2 22
2 27
33 46
20 32
30 43
32 45
18 36
18 37
19 31
21 37
34 47
23 40
29 42
25 34
24 29
17 35
26 33
27 39
28 41
31 44
22 38
22 39
46 55
43 53
45 54
36 49
37 42
47 30
40 28
42 52
35 48
39 50
41 51
44 41
38 45
38 47
55 59
53 60
54 61
49 57
49 52
52 59
48 56
50 58
51 53
59 64
60 65
61 66
57 51
56 62
58 63
64 60
65 69
66 70
62 67
62 64
63 68
69 73
70 74
67 71
68 72
73 77
74 69
71 65
71 75
72 76
77 80
75 78
76 79
78 73
79 81
81 77
