82 96

2 25
2 21
2 27
2 23
2 26
2 22
2 24
11 25
16 34
1 20
1 21
1 19
1 18
10 24
8 20
12 26
4 28
3 19
9 23
7 31
13 32
6 30
15 33
14 27
0 17
5 29
21 37
22 38
22 39
23 40
24 29
25 34
26 33
27 39
34 47
18 36
18 37
19 31
20 32
28 41
31 44
32 45
30 43
33 46
17 35
29 42
37 42
38 45
38 47
39 50
40 28
47 30
36 49
41 51
44 41
45 54
43 53
46 55
35 48
42 52
50 58
49 57
49 52
51 53
54 61
53 60
55 59
48 56
52 59
58 63
57 51
61 66
60 65
59 64
56 62
63 68
66 70
65 69
64 60
62 64
62 67
68 72
70 74
69 73
67 71
72 76
74 69
73 77
71 75
71 65
76 79
77 80
75 78
79 81
78 73
81 77
