82 96

1 20
1 19
1 21
1 18
9 23
4 28
16 34
3 19
12 26
14 27
7 31
6 30
8 20
13 32
15 33
0 17
10 24
2 23
2 27
2 22
2 21
2 24
2 25
2 26
5 29
11 25
18 36
18 37
19 31
20 32
21 37
23 40
28 41
34 47
26 33
27 39
31 44
30 43
32 45
33 46
17 35
24 29
22 38
22 39
25 34
29 42
36 49
37 42
40 28
41 51
47 30
39 50
44 41
43 53
45 54
46 55
35 48
38 45
38 47
42 52
49 57
49 52
51 53
50 58
53 60
54 61
55 59
48 56
52 59
57 51
58 63
60 65
61 66
59 64
56 62
63 68
65 69
66 70
64 60
62 64
62 67
68 72
69 73
70 74
67 71
72 76
73 77
74 69
71 65
71 75
76 79
77 80
75 78
79 81
78 73
81 77
