82 96

14 27
3 19
5 29
1 19
1 20
1 18
1 21
8 20
11 25
4 28
13 32
15 33
16 34
0 17
7 31
6 30
12 26
9 23
10 24
2 22
2 23
2 27
2 25
2 24
2 26
2 21
27 39
19 31
29 42
18 36
18 37
20 32
21 37
25 34
28 41
32 45
33 46
34 47
17 35
31 44
30 43
26 33
23 40
24 29
22 39
22 38
39 50
42 52
36 49
37 42
41 51
45 54
46 55
47 30
35 48
44 41
43 53
40 28
38 47
38 45
50 58
52 59
49 57
49 52
51 53
54 61
55 59
48 56
53 60
58 63
59 64
57 51
61 66
56 62
60 65
63 68
64 60
66 70
62 64
62 67
65 69
68 72
70 74
67 71
69 73
72 76
74 69
71 65
71 75
73 77
76 79
75 78
77 80
79 81
78 73
81 77
