82 96

8 20
3 19
5 29
6 30
15 33
14 27
2 25
2 21
2 24
2 23
2 22
2 26
2 27
10 24
11 25
16 34
4 28
7 31
9 23
13 32
12 26
0 17
1 18
1 21
1 19
1 20
20 32
19 31
29 42
30 43
33 46
27 39
21 37
22 39
22 38
23 40
24 29
25 34
26 33
34 47
28 41
31 44
32 45
17 35
18 37
18 36
42 52
43 53
46 55
39 50
37 42
38 45
38 47
40 28
47 30
41 51
44 41
45 54
35 48
36 49
52 59
53 60
55 59
50 58
51 53
54 61
48 56
49 57
49 52
59 64
60 65
58 63
61 66
56 62
57 51
64 60
65 69
63 68
66 70
62 64
62 67
69 73
68 72
70 74
67 71
73 77
72 76
74 69
71 75
71 65
77 80
76 79
75 78
79 81
78 73
81 77
