4-14 40
4 41
41 72
41 73
72 56
56 88
88 120
120 57
57 89
89 121
73 105
73 104
105 88
104 132
132 140
132 120
140 148
148 89
40 72
7 47
7 46
47 78
47 79
78 62
62 94
94 126
126 63
63 95
95 127
79 111
79 110
111 94
110 135
135 126
135 143
143 151
151 95
46 78
13 51
51 83
83 115
15 52
52 84
84 116
116 53
53 85
85 117
16 53
19 55
55 87
87 119
10 49
49 81
81 113
24 58
58 90
90 122
122 59
59 91
91 123
25 59
0 32
0 33
33 65
33 64
64 48
48 80
80 112
112 49
65 96
65 97
97 80
96 128
128 112
128 136
136 144
144 81
32 64
27 60
60 92
92 124
124 61
61 93
93 125
26 44
44 76
76 60
23 42
42 74
74 58
29 46
21 56
30 62
11 34
34 66
66 50
50 82
82 114
114 51
12 50
14 36
36 68
68 52
6 44
6 45
45 77
45 76
77 108
77 109
109 92
108 134
134 142
134 124
142 150
150 93
18 54
54 86
86 118
118 55
5 42
5 43
43 75
43 74
75 106
75 107
107 90
106 133
133 122
133 141
141 149
149 91
20 40
9 48
31 63
3 39
3 38
39 70
39 71
70 54
71 102
71 103
103 86
102 131
131 118
131 139
139 147
147 87
38 70
2 37
2 36
37 68
37 69
69 100
69 101
101 84
100 130
130 116
130 138
138 146
146 85
22 57
28 61
17 38
8 32
1 34
1 35
35 67
35 66
67 98
67 99
99 82
98 129
129 137
129 114
137 145
145 83
4 -> 40
pos_b
try pos (0, 0)
try pos (0, -1)
try pos (1, 0)
4 (0,0) -> 40 (1,1)
4 -> 41
pos_b
try pos (0, 0)
try pos (0, -1)
try pos (1, 0)
try pos (0, 1)
4 (0,0) -> 41 (0,0)
41 -> 72
pos_b
try pos (0, 1)
try pos (0, 0)
try pos (1, 1)
41 (0,1) -> 72 (1,1)
41 -> 73
pos_b
try pos (0, 1)
try pos (0, 0)
try pos (1, 1)
try pos (0, 2)
41 (0,1) -> 73 (0,0)
72 -> 56
pos_b
try pos (1, 1)
try pos (1, 0)
try pos (2, 1)
72 (1,1) -> 56 (2,2)
56 -> 88
pos_b
try pos (2, 1)
try pos (2, 0)
56 (2,1) -> 88 (2,2)
88 -> 120
pos_b
try pos (2, 0)
try pos (2, -1)
try pos (3, 0)
88 (2,0) -> 120 (3,3)
120 -> 57
pos_b
try pos (3, 0)
try pos (3, -1)
try pos (4, 0)
120 (3,0) -> 57 (4,4)
57 -> 89
pos_b
try pos (4, 0)
try pos (4, -1)
try pos (5, 0)
57 (4,0) -> 89 (5,5)
89 -> 121
pos_b
try pos (5, 0)
try pos (5, -1)
try pos (6, 0)
89 (5,0) -> 121 (6,6)
73 -> 105
pos_b
try pos (0, 2)
try pos (0, 1)
try pos (1, 2)
73 (0,2) -> 105 (1,1)
73 -> 104
pos_b
try pos (0, 2)
try pos (0, 1)
try pos (1, 2)
try pos (0, 3)
73 (0,2) -> 104 (0,0)
105 -> 88
105 (1,2) -> 88 (2,2)
104 -> 132
pos_b
try pos (0, 3)
try pos (0, 2)
try pos (1, 3)
104 (0,3) -> 132 (1,1)
132 -> 140
pos_b
try pos (1, 3)
try pos (1, 2)
try pos (2, 3)
132 (1,3) -> 140 (2,2)
132 -> 120
132 (1,3) -> 120 (3,3)
140 -> 148
pos_b
try pos (2, 3)
try pos (2, 2)
140 (2,3) -> 148 (2,2)
148 -> 89
148 (2,2) -> 89 (5,5)
40 -> 72
40 (1,0) -> 72 (1,1)
7 -> 47
pos to 7
try pos (-1, -1)
try pos (-1, -2)
try pos (0, -1)
try pos (-1, 0)
try pos (-1, -2)
try pos (-2, 0)
try pos (0, 0)
try pos (0, -2)
try pos (-2, -2)
try pos (-1, 1)
try pos (1, -1)
try pos (-1, -3)
try pos (-3, -1)
try pos (-2, 1)
try pos (0, 1)
try pos (0, -3)
try pos (-2, -3)
try pos (-3, 0)
try pos (1, 0)
try pos (1, -2)
try pos (-3, -2)
try pos (-1, 2)
try pos (2, -1)
try pos (-1, 2)
try pos (-1, -4)
try pos (-4, -1)
try pos (1, 1)
try pos (1, -3)
try pos (-3, -3)
try pos (-3, 1)
try pos (0, 2)
try pos (2, 0)
try pos (2, -2)
try pos (0, -4)
try pos (-2, -4)
try pos (-4, -2)
try pos (-4, 0)
try pos (-2, 2)
try pos (-1, 3)
try pos (3, -1)
try pos (-1, -5)
try pos (-5, -1)
try pos (1, 2)
try pos (2, 1)
try pos (2, -3)
try pos (1, -4)
try pos (-3, -4)
try pos (-4, -3)
try pos (-4, 1)
try pos (-3, 2)
try pos (0, 3)
try pos (3, 0)
try pos (3, -2)
try pos (0, -5)
try pos (-2, -5)
try pos (-5, -2)
try pos (-5, 0)
try pos (-2, 3)
try pos (-1, 4)
try pos (4, -1)
try pos (-1, -6)
try pos (-6, -1)
try pos (0, 0)
try pos (-1, -1)
try pos (-1, -1)
No solution!

  4  41  73 104  -1  -1  -1  -1  -1  -1  -1  -1  -1 
 40  72 105 132  -1  -1  -1  -1  -1  -1  -1  -1  -1 
 88  56 148 140  -1  -1  -1  -1  -1  -1  -1  -1  -1 
120  -1  -1  -1  -1  -1  -1  -1  -1  -1  -1  -1  -1 
 57  -1  -1  -1  -1  -1  -1  -1  -1  -1  -1  -1  -1 
 89  -1  -1  -1  -1  -1  -1  -1  -1  -1  -1  -1  -1 
121  -1  -1  -1  -1  -1  -1  -1  -1  -1  -1  -1  -1 
 -1  -1  -1  -1  -1  -1  -1  -1  -1  -1  -1  -1  -1 
 -1  -1  -1  -1  -1  -1  -1  -1  -1  -1  -1  -1  -1 
 -1  -1  -1  -1  -1  -1  -1  -1  -1  -1  -1  -1  -1 
 -1  -1  -1  -1  -1  -1  -1  -1  -1  -1  -1  -1  -1 
 -1  -1  -1  -1  -1  -1  -1  -1  -1  -1  -1  -1  -1 
 -1  -1  -1  -1  -1  -1  -1  -1  -1  -1  -1  -1  -1 
Time placement: 0 ms

