25-125 59
59 91
91 123
0 32
0 33
33 64
33 65
64 48
48 80
80 112
112 49
49 81
81 113
65 97
65 96
97 80
96 128
128 136
128 112
136 144
144 81
32 64
30 62
62 94
94 126
126 63
63 95
95 127
23 42
42 74
74 58
58 90
90 122
122 59
2 37
2 36
37 69
37 68
68 52
52 84
84 116
116 53
53 85
85 117
69 101
69 100
101 84
100 130
130 138
130 116
138 146
146 85
36 68
27 60
60 92
92 124
124 61
61 93
93 125
9 48
24 58
18 54
54 86
86 118
118 55
55 87
87 119
5 43
5 42
43 74
43 75
75 106
75 107
107 90
106 133
133 122
133 141
141 149
149 91
19 55
20 40
40 72
72 56
56 88
88 120
120 57
57 89
89 121
15 52
11 34
34 66
66 50
50 82
82 114
114 51
51 83
83 115
22 57
7 46
7 47
47 79
47 78
78 62
79 110
79 111
111 94
110 135
135 126
135 143
143 151
151 95
46 78
4 41
4 40
41 72
41 73
73 105
73 104
105 88
104 132
132 140
132 120
140 148
148 89
14 36
13 51
6 45
6 44
45 76
45 77
76 60
77 108
77 109
109 92
108 134
134 142
134 124
142 150
150 93
44 76
10 49
3 39
3 38
39 70
39 71
70 54
71 103
71 102
103 86
102 131
131 118
131 139
139 147
147 87
38 70
8 32
16 53
29 46
26 44
1 35
1 34
35 67
35 66
67 98
67 99
99 82
98 129
129 114
129 137
137 145
145 83
21 56
12 50
28 61
31 63
17 38
25 -> 59
pos_b
try pos (0, 0)
try pos (0, 1)
25 (0,0) -> 59 (0,0)
59 -> 91
pos_b
try pos (0, 1)
try pos (0, 2)
59 (0,1) -> 91 (0,0)
91 -> 123
pos_b
try pos (0, 2)
try pos (0, 3)
91 (0,2) -> 123 (0,0)
0 -> 32
pos to 0
try pos (-1, -1)
try pos (-1, 0)
try pos (0, -1)
try pos (-1, 0)
try pos (-2, -1)
try pos (-2, 0)
try pos (0, 0)
try pos (0, -2)
try pos (-2, -2)
try pos (-1, 1)
try pos (1, -1)
try pos (-1, -3)
try pos (-3, -1)
try pos (-2, 1)
try pos (0, 1)
try pos (0, -3)
try pos (-2, -3)
try pos (-3, 0)
try pos (1, 0)
pos_b
try pos (1, 0)
try pos (1, 1)
0 (1,0) -> 32 (1,1)
0 -> 33
pos_b
try pos (1, 0)
try pos (1, 1)
try pos (2, 0)
0 (1,0) -> 33 (2,2)
33 -> 64
pos_b
try pos (2, 0)
try pos (2, 1)
33 (2,0) -> 64 (2,2)
33 -> 65
pos_b
try pos (2, 0)
try pos (2, 1)
try pos (3, 0)
33 (2,0) -> 65 (3,3)
64 -> 48
pos_b
try pos (2, 1)
try pos (2, 2)
64 (2,1) -> 48 (2,2)
48 -> 80
pos_b
try pos (2, 2)
try pos (2, 3)
48 (2,2) -> 80 (2,2)
80 -> 112
pos_b
try pos (2, 3)
try pos (2, 4)
80 (2,3) -> 112 (2,2)
112 -> 49
pos_b
try pos (2, 4)
try pos (2, 5)
112 (2,4) -> 49 (2,2)
49 -> 81
pos_b
try pos (2, 5)
try pos (2, 6)
49 (2,5) -> 81 (2,2)
81 -> 113
pos_b
try pos (2, 6)
try pos (2, 7)
81 (2,6) -> 113 (2,2)
65 -> 97
pos_b
try pos (3, 0)
try pos (3, 1)
65 (3,0) -> 97 (3,3)
65 -> 96
pos_b
try pos (3, 0)
try pos (3, 1)
try pos (4, 0)
65 (3,0) -> 96 (4,4)
97 -> 80
97 (3,1) -> 80 (2,2)
96 -> 128
pos_b
try pos (4, 0)
try pos (4, 1)
96 (4,0) -> 128 (4,4)
128 -> 136
pos_b
try pos (4, 1)
try pos (4, 2)
128 (4,1) -> 136 (4,4)
128 -> 112
128 (4,1) -> 112 (2,2)
136 -> 144
pos_b
try pos (4, 2)
try pos (4, 3)
136 (4,2) -> 144 (4,4)
144 -> 81
144 (4,3) -> 81 (2,2)
32 -> 64
32 (1,1) -> 64 (2,2)
30 -> 62
pos to 30
try pos (-1, -1)
try pos (-1, 0)
try pos (0, -1)
try pos (-1, 0)
try pos (-2, -1)
try pos (-2, 0)
try pos (0, 0)
try pos (0, -2)
try pos (-2, -2)
try pos (-1, 1)
try pos (1, -1)
try pos (-1, -3)
try pos (-3, -1)
try pos (-2, 1)
try pos (0, 1)
try pos (0, -3)
try pos (-2, -3)
try pos (-3, 0)
try pos (1, 0)
try pos (1, -2)
try pos (-3, -2)
try pos (-1, 2)
try pos (2, -1)
try pos (-1, 2)
try pos (-1, -4)
try pos (-4, -1)
try pos (1, 1)
try pos (1, -3)
try pos (-3, -3)
try pos (-3, 1)
try pos (0, 2)
try pos (2, 0)
try pos (2, -2)
try pos (0, -4)
try pos (-2, -4)
try pos (-4, -2)
try pos (-4, 0)
try pos (-2, 2)
try pos (-1, 3)
try pos (3, -1)
try pos (-1, -5)
try pos (-5, -1)
try pos (1, 2)
pos_b
try pos (1, 2)
try pos (1, 3)
30 (1,2) -> 62 (1,1)
62 -> 94
pos_b
try pos (1, 3)
try pos (1, 4)
62 (1,3) -> 94 (1,1)
94 -> 126
pos_b
try pos (1, 4)
try pos (1, 5)
94 (1,4) -> 126 (1,1)
126 -> 63
pos_b
try pos (1, 5)
try pos (1, 6)
126 (1,5) -> 63 (1,1)
63 -> 95
pos_b
try pos (1, 6)
try pos (1, 7)
63 (1,6) -> 95 (1,1)
95 -> 127
pos_b
try pos (1, 7)
try pos (1, 8)
95 (1,7) -> 127 (1,1)
23 -> 42
pos to 23
try pos (-1, -1)
try pos (-1, 0)
try pos (0, -1)
try pos (-1, 0)
try pos (-2, -1)
try pos (-2, 0)
try pos (0, 0)
try pos (0, -2)
try pos (-2, -2)
try pos (-1, 1)
try pos (1, -1)
try pos (-1, -3)
try pos (-3, -1)
try pos (-2, 1)
try pos (0, 1)
try pos (0, -3)
try pos (-2, -3)
try pos (-3, 0)
try pos (1, 0)
try pos (1, -2)
try pos (-3, -2)
try pos (-1, 2)
try pos (2, -1)
try pos (-1, 2)
try pos (-1, -4)
try pos (-4, -1)
try pos (1, 1)
try pos (1, -3)
try pos (-3, -3)
try pos (-3, 1)
try pos (0, 2)
try pos (2, 0)
try pos (2, -2)
try pos (0, -4)
try pos (-2, -4)
try pos (-4, -2)
try pos (-4, 0)
try pos (-2, 2)
try pos (-1, 3)
try pos (3, -1)
try pos (-1, -5)
try pos (-5, -1)
try pos (1, 2)
try pos (2, 1)
try pos (2, -3)
try pos (1, -4)
try pos (-3, -4)
try pos (-4, -3)
try pos (-4, 1)
try pos (-3, 2)
try pos (0, 3)
try pos (3, 0)
try pos (3, -2)
try pos (0, -5)
try pos (-2, -5)
try pos (-5, -2)
try pos (-5, 0)
try pos (-2, 3)
try pos (-1, 4)
try pos (4, -1)
try pos (-1, -6)
try pos (-6, -1)
try pos (1, 1)
try pos (-1, -1)
try pos (-1, -1)
No solution!

 25  59  91 123  -1  -1  -1  -1  -1  -1  -1  -1  -1 
  0  32  30  62  94 126  63  95 127  -1  -1  -1  -1 
 33  64  48  80 112  49  81 113  -1  -1  -1  -1  -1 
 65  97  -1  -1  -1  -1  -1  -1  -1  -1  -1  -1  -1 
 96 128 136 144  -1  -1  -1  -1  -1  -1  -1  -1  -1 
 -1  -1  -1  -1  -1  -1  -1  -1  -1  -1  -1  -1  -1 
 -1  -1  -1  -1  -1  -1  -1  -1  -1  -1  -1  -1  -1 
 -1  -1  -1  -1  -1  -1  -1  -1  -1  -1  -1  -1  -1 
 -1  -1  -1  -1  -1  -1  -1  -1  -1  -1  -1  -1  -1 
 -1  -1  -1  -1  -1  -1  -1  -1  -1  -1  -1  -1  -1 
 -1  -1  -1  -1  -1  -1  -1  -1  -1  -1  -1  -1  -1 
 -1  -1  -1  -1  -1  -1  -1  -1  -1  -1  -1  -1  -1 
 -1  -1  -1  -1  -1  -1  -1  -1  -1  -1  -1  -1  -1 
Time placement: 0 ms

