5-15 42
5 43
43 74
43 75
74 58
58 90
90 122
122 59
59 91
91 123
75 107
75 106
107 90
106 133
133 141
133 122
141 149
149 91
42 74
8 32
32 64
64 48
48 80
80 112
112 49
49 81
81 113
0 32
0 33
33 64
33 65
65 96
65 97
97 80
96 128
128 112
128 136
136 144
144 81
6 44
6 45
45 76
45 77
76 60
60 92
92 124
124 61
61 93
93 125
77 108
77 109
109 92
108 134
134 142
134 124
142 150
150 93
44 76
31 63
63 95
95 127
22 57
57 89
89 121
28 61
26 44
18 54
54 86
86 118
118 55
55 87
87 119
20 40
40 72
72 56
56 88
88 120
120 57
11 34
34 66
66 50
50 82
82 114
114 51
51 83
83 115
29 46
46 78
78 62
62 94
94 126
126 63
1 34
1 35
35 67
35 66
67 98
67 99
99 82
98 129
129 114
129 137
137 145
145 83
2 36
2 37
37 68
37 69
68 52
52 84
84 116
116 53
53 85
85 117
69 100
69 101
101 84
100 130
130 116
130 138
138 146
146 85
36 68
13 51
4 40
4 41
41 72
41 73
73 105
73 104
105 88
104 132
132 140
132 120
140 148
148 89
19 55
16 53
21 56
9 48
15 52
10 49
25 59
17 38
38 70
70 54
12 50
27 60
23 42
7 46
7 47
47 79
47 78
79 111
79 110
111 94
110 135
135 143
135 126
143 151
151 95
3 38
3 39
39 71
39 70
71 103
71 102
103 86
102 131
131 118
131 139
139 147
147 87
24 58
14 36
30 62
5 -> 42
pos_b
try pos (0, 0)
try pos (-1, 0)
try pos (0, 1)
5 (0,0) -> 42 (0,0)
5 -> 43
pos_b
try pos (0, 0)
try pos (-1, 0)
try pos (0, 1)
try pos (0, -1)
try pos (-1, 0)
try pos (-1, 1)
try pos (1, 1)
5 (0,0) -> 43 (1,1)
43 -> 74
pos_b
try pos (1, 1)
try pos (0, 1)
try pos (1, 2)
43 (1,1) -> 74 (1,1)
43 -> 75
pos_b
try pos (1, 1)
try pos (0, 1)
try pos (1, 2)
try pos (1, 0)
43 (1,1) -> 75 (1,1)
74 -> 58
pos_b
try pos (1, 2)
try pos (0, 2)
74 (1,2) -> 58 (0,0)
58 -> 90
pos_b
try pos (0, 2)
try pos (-1, 2)
try pos (0, 3)
58 (0,2) -> 90 (0,0)
90 -> 122
pos_b
try pos (0, 3)
try pos (-1, 3)
try pos (0, 4)
90 (0,3) -> 122 (0,0)
122 -> 59
pos_b
try pos (0, 4)
try pos (-1, 4)
try pos (0, 5)
122 (0,4) -> 59 (0,0)
59 -> 91
pos_b
try pos (0, 5)
try pos (-1, 5)
try pos (0, 6)
59 (0,5) -> 91 (0,0)
91 -> 123
pos_b
try pos (0, 6)
try pos (-1, 6)
try pos (0, 7)
91 (0,6) -> 123 (0,0)
75 -> 107
pos_b
try pos (1, 0)
try pos (0, 0)
try pos (1, 1)
try pos (1, -1)
try pos (0, 0)
try pos (0, 1)
try pos (2, 1)
75 (1,0) -> 107 (2,2)
75 -> 106
pos_b
try pos (1, 0)
try pos (0, 0)
try pos (1, 1)
try pos (1, -1)
try pos (0, 0)
try pos (0, 1)
try pos (2, 1)
try pos (2, -1)
try pos (0, -1)
try pos (1, 2)
try pos (3, 0)
75 (1,0) -> 106 (3,3)
107 -> 90
107 (2,1) -> 90 (0,0)
106 -> 133
pos_b
try pos (3, 0)
try pos (2, 0)
106 (3,0) -> 133 (2,2)
133 -> 141
pos_b
try pos (2, 0)
try pos (1, 0)
try pos (2, 1)
try pos (2, -1)
try pos (1, 0)
try pos (1, 1)
try pos (3, 1)
133 (2,0) -> 141 (3,3)
133 -> 122
133 (2,0) -> 122 (0,0)
141 -> 149
pos_b
try pos (3, 1)
try pos (2, 1)
try pos (3, 2)
141 (3,1) -> 149 (3,3)
149 -> 91
149 (3,2) -> 91 (0,0)
42 -> 74
42 (0,1) -> 74 (1,1)
8 -> 32
pos to 8
try pos (-1, -1)
try pos (-2, -1)
try pos (-1, 0)
try pos (-1, -2)
try pos (-2, -1)
try pos (-2, 0)
try pos (0, 0)
try pos (0, -2)
try pos (-2, -2)
try pos (-1, 1)
try pos (1, -1)
try pos (-1, -3)
try pos (-3, -1)
try pos (-2, 1)
try pos (0, 1)
try pos (0, -3)
try pos (-2, -3)
try pos (-3, 0)
try pos (1, 0)
try pos (1, -2)
try pos (-3, -2)
try pos (-1, 2)
try pos (2, -1)
try pos (-1, 2)
try pos (-1, -4)
try pos (-4, -1)
try pos (1, 1)
try pos (1, -3)
try pos (-3, -3)
try pos (-3, 1)
try pos (0, 2)
try pos (2, 0)
try pos (2, -2)
try pos (0, -4)
try pos (-2, -4)
try pos (-4, -2)
try pos (-4, 0)
try pos (-2, 2)
try pos (-1, 3)
try pos (3, -1)
try pos (-1, -5)
try pos (-5, -1)
try pos (1, 2)
try pos (2, 1)
try pos (2, -3)
try pos (1, -4)
try pos (-3, -4)
try pos (-4, -3)
try pos (-4, 1)
try pos (-3, 2)
try pos (0, 3)
try pos (3, 0)
try pos (3, -2)
try pos (0, -5)
try pos (-2, -5)
try pos (-5, -2)
try pos (-5, 0)
try pos (-2, 3)
try pos (-1, 4)
try pos (4, -1)
try pos (-1, -6)
try pos (-6, -1)
try pos (-1, -1)
try pos (-1, -1)
try pos (-1, -1)
No solution!

  5  42  58  90 122  59  91 123  -1  -1  -1  -1  -1 
 75  43  74  -1  -1  -1  -1  -1  -1  -1  -1  -1  -1 
133 107  -1  -1  -1  -1  -1  -1  -1  -1  -1  -1  -1 
106 141 149  -1  -1  -1  -1  -1  -1  -1  -1  -1  -1 
 -1  -1  -1  -1  -1  -1  -1  -1  -1  -1  -1  -1  -1 
 -1  -1  -1  -1  -1  -1  -1  -1  -1  -1  -1  -1  -1 
 -1  -1  -1  -1  -1  -1  -1  -1  -1  -1  -1  -1  -1 
 -1  -1  -1  -1  -1  -1  -1  -1  -1  -1  -1  -1  -1 
 -1  -1  -1  -1  -1  -1  -1  -1  -1  -1  -1  -1  -1 
 -1  -1  -1  -1  -1  -1  -1  -1  -1  -1  -1  -1  -1 
 -1  -1  -1  -1  -1  -1  -1  -1  -1  -1  -1  -1  -1 
 -1  -1  -1  -1  -1  -1  -1  -1  -1  -1  -1  -1  -1 
 -1  -1  -1  -1  -1  -1  -1  -1  -1  -1  -1  -1  -1 
Time placement: 0 ms

