82 96

16 34
3 19
4 28
7 31
10 24
13 32
0 17
6 30
12 26
15 33
11 25
8 20
14 27
1 19
1 20
1 21
1 18
9 23
2 23
2 22
2 26
2 21
2 27
2 25
2 24
5 29
34 47
19 31
28 41
31 44
24 29
32 45
17 35
30 43
26 33
33 46
25 34
20 32
27 39
18 37
18 36
21 37
23 40
22 38
22 39
29 42
47 30
41 51
44 41
45 54
35 48
43 53
46 55
39 50
36 49
37 42
40 28
38 45
38 47
42 52
51 53
54 61
48 56
53 60
55 59
50 58
49 57
49 52
52 59
61 66
56 62
60 65
59 64
58 63
57 51
66 70
62 67
62 64
65 69
64 60
63 68
70 74
67 71
69 73
68 72
74 69
71 75
71 65
73 77
72 76
75 78
77 80
76 79
78 73
79 81
81 77
