82 96

0 17
3 19
16 34
8 20
4 28
6 30
1 18
1 19
1 20
1 21
11 25
2 25
2 24
2 21
2 26
2 27
2 23
2 22
15 33
12 26
5 29
10 24
7 31
9 23
14 27
13 32
17 35
19 31
34 47
20 32
28 41
30 43
18 37
18 36
21 37
25 34
22 39
22 38
23 40
24 29
26 33
27 39
33 46
29 42
31 44
32 45
35 48
47 30
41 51
43 53
36 49
37 42
38 45
38 47
39 50
40 28
46 55
42 52
44 41
45 54
48 56
51 53
53 60
49 52
49 57
50 58
55 59
52 59
54 61
56 62
60 65
57 51
58 63
59 64
61 66
62 67
62 64
65 69
63 68
64 60
66 70
67 71
69 73
68 72
70 74
71 75
71 65
73 77
72 76
74 69
75 78
77 80
76 79
78 73
79 81
81 77
