82 96

3 19
4 28
8 20
12 26
7 31
2 25
2 24
2 22
2 27
2 21
2 23
2 26
11 25
10 24
1 21
1 20
1 19
1 18
9 23
6 30
0 17
16 34
13 32
14 27
5 29
15 33
19 31
28 41
20 32
26 33
31 44
21 37
22 38
22 39
23 40
24 29
25 34
27 39
18 37
18 36
30 43
17 35
34 47
32 45
29 42
33 46
41 51
44 41
37 42
38 47
38 45
39 50
40 28
36 49
43 53
35 48
47 30
45 54
42 52
46 55
51 53
50 58
49 57
49 52
53 60
48 56
54 61
52 59
55 59
58 63
57 51
60 65
56 62
61 66
59 64
63 68
65 69
62 64
62 67
66 70
64 60
68 72
69 73
67 71
70 74
72 76
73 77
71 75
71 65
74 69
76 79
77 80
75 78
79 81
78 73
81 77
