82 96

9 23
23 40
40 28
28 41
41 51
51 53
53 60
60 65
65 69
69 73
73 77
77 80
16 34
34 47
47 30
30 43
43 53
4 28
14 27
27 39
39 50
50 58
58 63
63 68
68 72
72 76
76 79
79 81
81 77
10 24
24 29
29 42
42 52
52 59
59 64
64 60
3 19
19 31
31 44
44 41
0 17
17 35
35 48
48 56
56 62
62 67
62 64
67 71
71 65
71 75
75 78
78 73
13 32
32 45
45 54
54 61
61 66
66 70
70 74
74 69
8 20
20 32
1 19
1 21
1 18
1 20
21 37
37 42
18 36
18 37
36 49
49 52
49 57
57 51
12 26
26 33
33 46
46 55
55 59
5 29
15 33
7 31
6 30
2 27
2 21
2 25
2 26
2 22
2 23
2 24
25 34
22 39
22 38
38 47
38 45
11 25
