82 96

11 25
12 26
2 24
2 27
2 25
2 22
2 26
2 23
2 21
9 23
1 20
1 19
1 21
1 18
13 32
8 20
7 31
14 27
6 30
10 24
5 29
3 19
4 28
0 17
16 34
15 33
25 34
26 33
21 37
22 38
22 39
23 40
24 29
27 39
18 37
18 36
19 31
20 32
32 45
31 44
30 43
29 42
28 41
17 35
34 47
33 46
37 42
38 45
38 47
39 50
40 28
36 49
45 54
44 41
43 53
42 52
41 51
35 48
47 30
46 55
50 58
49 52
49 57
54 61
53 60
52 59
51 53
48 56
55 59
58 63
57 51
61 66
60 65
59 64
56 62
63 68
66 70
65 69
64 60
62 67
62 64
68 72
70 74
69 73
67 71
72 76
74 69
73 77
71 75
71 65
76 79
77 80
75 78
79 81
78 73
81 77
