82 96

5 29
11 25
8 20
14 27
6 30
13 32
16 34
7 31
2 21
2 27
2 26
2 23
2 24
2 22
2 25
15 33
9 23
10 24
12 26
1 18
1 20
1 21
1 19
0 17
4 28
3 19
29 42
25 34
20 32
27 39
30 43
32 45
34 47
31 44
21 37
22 39
22 38
23 40
24 29
26 33
33 46
18 37
18 36
19 31
17 35
28 41
42 52
39 50
43 53
45 54
47 30
44 41
37 42
38 47
38 45
40 28
46 55
36 49
35 48
41 51
52 59
50 58
53 60
54 61
55 59
49 57
49 52
48 56
51 53
59 64
58 63
60 65
61 66
57 51
56 62
64 60
63 68
65 69
66 70
62 67
62 64
68 72
69 73
70 74
67 71
72 76
73 77
74 69
71 65
71 75
76 79
77 80
75 78
79 81
78 73
81 77
