82 96

15 33
5 29
11 25
4 28
9 23
2 26
2 22
2 21
2 27
2 23
2 25
2 24
14 27
13 32
6 30
1 20
1 21
1 19
1 18
7 31
8 20
16 34
12 26
10 24
3 19
0 17
33 46
29 42
25 34
28 41
23 40
21 37
22 39
22 38
24 29
26 33
27 39
32 45
30 43
18 36
18 37
19 31
20 32
31 44
34 47
17 35
46 55
42 52
41 51
40 28
37 42
38 47
38 45
39 50
45 54
43 53
36 49
44 41
47 30
35 48
55 59
52 59
51 53
50 58
54 61
53 60
49 52
49 57
48 56
59 64
58 63
61 66
60 65
57 51
56 62
64 60
63 68
66 70
65 69
62 67
62 64
68 72
70 74
69 73
67 71
72 76
74 69
73 77
71 65
71 75
76 79
77 80
75 78
79 81
78 73
81 77
