82 96

8 20
4 28
16 34
14 27
6 30
0 17
3 19
11 25
13 32
5 29
2 25
2 21
2 23
2 24
2 26
2 27
2 22
1 20
1 19
1 18
1 21
7 31
12 26
10 24
9 23
15 33
20 32
28 41
34 47
27 39
30 43
17 35
19 31
25 34
32 45
29 42
21 37
22 39
22 38
23 40
24 29
26 33
18 37
18 36
31 44
33 46
41 51
47 30
39 50
43 53
35 48
45 54
42 52
37 42
38 45
38 47
40 28
36 49
44 41
46 55
51 53
50 58
53 60
48 56
54 61
52 59
49 57
49 52
55 59
58 63
60 65
56 62
61 66
59 64
57 51
63 68
65 69
62 67
62 64
66 70
64 60
68 72
69 73
67 71
70 74
72 76
73 77
71 65
71 75
74 69
76 79
77 80
75 78
79 81
78 73
81 77
