82 96

9 23
6 30
10 24
0 17
14 27
1 18
1 21
1 19
1 20
4 28
5 29
15 33
8 20
7 31
16 34
11 25
2 22
2 23
2 21
2 24
2 26
2 27
2 25
13 32
12 26
3 19
23 40
30 43
24 29
17 35
27 39
18 36
18 37
19 31
20 32
21 37
28 41
29 42
33 46
31 44
34 47
25 34
22 39
22 38
26 33
32 45
40 28
43 53
35 48
39 50
36 49
37 42
41 51
42 52
46 55
44 41
47 30
38 45
38 47
45 54
53 60
48 56
50 58
49 52
49 57
51 53
52 59
55 59
54 61
60 65
56 62
58 63
57 51
59 64
61 66
65 69
62 67
62 64
63 68
64 60
66 70
69 73
67 71
68 72
70 74
73 77
71 65
71 75
72 76
74 69
77 80
75 78
76 79
78 73
79 81
81 77
