82 96

8 20
3 19
15 33
11 25
16 34
2 21
2 24
2 22
2 23
2 27
2 25
2 26
12 26
7 31
9 23
4 28
6 30
0 17
5 29
10 24
14 27
13 32
1 20
1 21
1 19
1 18
20 32
19 31
33 46
25 34
34 47
21 37
22 39
22 38
23 40
24 29
26 33
27 39
31 44
28 41
30 43
17 35
29 42
32 45
18 36
18 37
46 55
47 30
37 42
38 45
38 47
39 50
40 28
44 41
41 51
43 53
35 48
42 52
45 54
36 49
55 59
50 58
51 53
53 60
48 56
52 59
54 61
49 52
49 57
59 64
58 63
60 65
56 62
61 66
57 51
64 60
63 68
65 69
62 64
62 67
66 70
68 72
69 73
67 71
70 74
72 76
73 77
71 75
71 65
74 69
76 79
77 80
75 78
79 81
78 73
81 77
