82 97

80 77
77 73
77 81
81 79
79 76
76 72
72 68
68 63
63 58
58 50
50 39
39 27
39 22
22 2
27 14
27 2
73 78
73 69
78 75
75 71
71 67
67 62
62 56
56 48
48 35
35 17
17 0
69 74
69 65
74 70
70 66
66 61
61 54
54 45
45 32
45 38
38 22
32 13
32 20
20 8
20 1
65 60
65 71
60 53
60 64
53 51
53 43
43 30
30 6
30 47
47 34
47 38
34 25
34 16
25 2
25 11
51 41
51 57
57 49
49 36
36 18
18 1
41 28
41 44
28 4
28 40
40 23
23 2
23 9
44 36
44 31
31 19
31 7
19 3
19 1
64 59
64 62
59 52
59 55
55 46
46 33
33 26
33 15
26 12
26 2
52 42
52 49
42 37
42 29
29 5
29 24
24 2
24 10
37 21
37 18
21 2
21 1
