72 88

0 10
6 23
3 21
8 10
4 11
7 21
9 20
1 16
1 17
1 12
1 19
1 11
1 13
1 18
1 15
1 14
2 20
5 26
5 28
5 22
5 23
5 25
5 18
5 29
5 24
5 27
10 30
23 40
21 39
11 31
20 38
12 32
13 31
14 33
15 34
16 35
17 36
18 37
19 22
22 39
22 30
24 40
25 41
26 42
27 43
28 44
29 38
30 45
40 52
39 50
31 46
38 51
32 47
33 46
34 48
35 49
36 45
37 50
41 52
42 53
43 54
44 51
45 55
52 59
50 58
46 56
51 57
47 56
48 55
49 57
53 59
54 60
55 61
59 64
58 64
56 62
57 63
60 63
61 65
64 67
62 66
63 67
65 68
67 68
66 69
68 70
69 70
70 71
