72 88

6 23
23 40
40 52
52 59
59 64
64 67
67 68
68 70
70 71
4 11
11 31
31 46
46 56
56 62
62 66
66 69
69 70
3 21
21 39
39 50
50 58
58 64
9 20
20 38
38 51
51 57
57 63
63 67
5 28
5 29
5 25
5 22
5 26
5 24
5 23
5 18
5 27
29 38
28 44
44 51
27 43
43 54
54 60
60 63
26 42
42 53
53 59
25 41
41 52
24 40
22 30
22 39
30 45
45 55
55 61
61 65
65 68
18 37
37 50
7 21
2 20
1 18
1 12
1 13
1 14
1 16
1 19
1 15
1 17
1 11
19 22
17 36
36 45
16 35
35 49
49 57
15 34
34 48
48 55
14 33
33 46
13 31
12 32
32 47
47 56
0 10
10 30
8 10
