74
71
73
70
6D
69
65
5E
5C
55
53
48
3B
2D
1A
A
2
4B
51
45
38
29
15
1
3F
47
3A
2C
18
2
B
38
32
2F
23
1F
2
16
6
1
3
72
6E
6F
6C
68
62
59
50
44
37
28
14
0
6B
6A
66
5F
61
56
58
4E
42
35
2F
26
10
1D
2
8
4C
5A
51
4F
40
43
36
27
2F
1B
12
9
2
33
45
38
24
D
2B
19
17
2
C
5
1
6C
67
64
60
57
4D
41
34
25
3D
2F
F
30
1F
21
2
E
63
5D
5A
54
5B
4A
3E
31
3D
22
20
4
2
7
52
51
46
49
39
2A
1C
15
2
11
3C
3D
2E
1E
13
0
0
0
0
0
0
0
0
0
0
0
0
0
0
0
0
0
0
0
0
0
0
0
0
0
0
0
0
0
0
0
0
0
0
0
0
0
0
0
0
0
0
0
0
0
0
0
0
0
0
0
0
0
0
0
0
0
0
0
0
0
0
0
0
0
0
0
0
0
0
0
0
0
0
0
0
0
0
0
0
0
0
0
0
0
0
0
0
0
0
0
0
0
0
0
0
0
0
0
0
0
0
0
0
0
0
0
0
0
0
0
0
0
0
0
