74
71
73
70
6D
69
65
5E
55
5C
53
48
3B
2D
1A
A
2
51
4B
45
38
29
15
1
3F
47
3A
2C
18
B
2
32
38
23
2F
1F
2
6
16
1
3
6E
72
6F
6C
68
62
59
50
44
37
28
14
0
6B
6A
66
5F
56
61
58
4E
42
35
2F
26
10
1D
2
8
4C
5A
51
4F
40
43
36
27
2F
12
1B
2
9
33
45
38
24
2B
D
19
17
2
C
5
1
6C
67
64
60
57
4D
41
34
3D
25
2F
F
30
1F
21
2
E
5D
63
5A
54
5B
4A
3E
3D
31
22
20
4
7
2
52
51
49
46
39
2A
1C
15
11
2
3C
3D
2E
1E
13
0
0
0
0
0
0
0
0
0
0
0
0
0
0
0
0
0
0
0
0
0
0
0
0
0
0
0
0
0
0
0
0
0
0
0
0
0
0
0
0
0
0
0
0
0
0
0
0
0
0
0
0
0
0
0
0
0
0
0
0
0
0
0
0
0
0
0
0
0
0
0
0
0
0
0
0
0
0
0
0
0
0
0
0
0
0
0
0
0
0
0
0
0
0
0
0
0
0
0
0
0
0
0
0
0
0
0
0
0
0
0
0
0
0
0
