74
71
73
70
6D
69
65
5E
5C
55
53
48
3B
2D
1A
2
A
4B
51
45
38
29
15
1
47
3F
3A
2C
18
B
2
38
32
2F
23
1F
2
16
6
3
1
6E
72
6F
6C
68
62
59
50
44
37
28
14
0
6B
6A
66
5F
61
56
58
4E
42
35
2F
26
10
1D
2
8
5A
4C
51
4F
40
43
36
27
2F
1B
12
2
9
45
33
24
38
2B
D
17
19
2
C
5
1
67
6C
60
64
57
4D
41
34
25
3D
2F
F
30
1F
21
E
2
63
5D
5A
5B
54
4A
3E
3D
31
22
20
4
2
7
52
51
49
46
39
2A
1C
15
11
2
3D
3C
2E
1E
2
0
0
0
0
0
0
0
0
0
0
0
0
0
0
0
0
0
0
0
0
0
0
0
0
0
0
0
0
0
0
0
0
0
0
0
0
0
0
0
0
0
0
0
0
0
0
0
0
0
0
0
0
0
0
0
0
0
0
0
0
0
0
0
0
0
0
0
0
0
0
0
0
0
0
0
0
0
0
0
0
0
0
0
0
0
0
0
0
0
0
0
0
0
0
0
0
0
0
0
0
0
0
0
0
0
0
0
0
0
0
0
0
0
0
0
