74
71
73
70
6D
69
65
5E
5C
55
53
48
3B
2D
1A
A
2
4B
51
45
38
29
15
1
47
3F
3A
2C
18
2
B
32
38
2F
23
1F
2
16
6
1
3
6E
72
6F
6C
68
62
59
50
44
37
28
14
0
6A
6B
66
5F
61
56
58
4E
42
35
2F
26
10
1D
2
8
5A
4C
51
40
4F
43
36
27
2F
1B
12
9
2
45
33
38
24
2B
D
19
17
2
C
1
5
6C
67
64
60
57
4D
41
34
3D
25
2F
F
30
1F
21
2
E
5D
63
5A
5B
54
4A
3E
3D
31
22
4
20
7
2
52
51
49
46
39
2A
15
1C
11
2
3C
3D
2E
1E
2
0
0
0
0
0
0
0
0
0
0
0
0
0
0
0
0
0
0
0
0
0
0
0
0
0
0
0
0
0
0
0
0
0
0
0
0
0
0
0
0
0
0
0
0
0
0
0
0
0
0
0
0
0
0
0
0
0
0
0
0
0
0
0
0
0
0
0
0
0
0
0
0
0
0
0
0
0
0
0
0
0
0
0
0
0
0
0
0
0
0
0
0
0
0
0
0
0
0
0
0
0
0
0
0
0
0
0
0
0
0
0
0
0
0
0
