118 142

5 23
23 43
43 36
36 51
51 64
64 76
76 86
86 95
95 102
102 106
106 110
110 113
113 116
116 117
2 27
2 29
2 33
2 24
2 28
2 32
2 31
2 30
2 25
2 26
33 48
48 37
37 52
52 65
65 77
77 87
87 96
96 103
103 107
107 110
32 34
34 49
49 62
62 74
74 84
84 93
93 100
100 103
31 48
31 47
47 61
47 53
47 50
47 54
61 73
61 62
61 52
73 82
82 91
91 93
53 66
66 78
78 88
88 97
97 95
54 67
67 79
79 76
50 63
63 75
75 85
85 94
94 101
101 105
105 109
109 112
112 115
115 116
30 46
46 60
60 73
29 38
38 53
28 42
42 57
57 70
70 82
27 39
39 54
26 45
45 59
59 72
72 83
83 92
92 94
25 43
24 44
44 58
58 71
71 75
8 29
12 25
14 33
13 36
0 20
20 40
40 55
55 68
68 80
80 89
89 98
98 104
104 108
108 111
108 107
111 114
114 113
7 32
19 30
15 37
1 22
1 23
1 21
22 35
35 50
21 42
21 41
41 56
56 51
56 63
56 69
69 81
69 64
81 91
81 90
81 85
90 99
90 86
99 100
4 34
3 22
10 26
18 39
6 35
16 38
11 24
9 27
17 28
