138 156

3 49
3 48
12 59
9 41
16 43
5 56
5 55
2 43
2 46
2 44
2 47
2 45
14 61
10 57
8 38
21 64
17 44
23 66
26 50
34 73
24 67
27 51
4 50
4 54
4 52
4 51
4 53
28 52
7 37
35 74
15 62
6 36
31 70
25 68
0 36
0 40
0 38
0 39
0 37
32 71
11 58
18 45
1 41
1 42
13 60
20 63
30 69
33 72
22 65
19 48
29 55
48 79
49 82
59 89
41 75
43 64
55 83
56 86
44 63
45 79
46 80
47 81
61 91
57 87
38 75
64 94
66 96
50 70
73 103
67 97
51 69
52 83
53 84
54 85
37 57
74 104
62 92
36 58
70 100
68 98
39 76
40 77
71 101
58 88
42 78
60 90
63 93
69 99
72 102
65 95
79 65
82 108
89 112
75 59
83 71
86 110
80 93
81 107
81 94
91 114
87 60
94 115
96 117
103 122
97 118
84 99
85 109
85 100
100 119
76 87
77 88
77 105
101 120
88 111
78 106
90 113
93 66
99 72
102 121
95 116
108 126
108 95
112 61
110 128
110 101
107 125
114 62
115 116
117 130
122 74
118 68
109 127
119 120
105 123
120 73
111 112
106 89
106 124
113 129
121 131
116 67
126 133
128 134
125 96
130 118
127 102
123 90
124 132
129 114
131 122
133 136
134 137
132 135
136 97
137 103
135 91
