138 156

15 62
32 71
22 65
6 36
5 56
5 55
20 63
25 68
12 59
28 52
29 55
30 69
13 60
23 66
10 57
33 72
27 51
11 58
0 39
0 40
0 38
0 37
0 36
14 61
1 41
1 42
34 73
21 64
3 48
3 49
19 48
17 44
9 41
7 37
31 70
2 44
2 43
2 45
2 46
2 47
26 50
16 43
24 67
18 45
35 74
4 54
4 52
4 53
4 51
4 50
8 38
62 92
71 101
65 95
36 58
55 83
56 86
63 93
68 98
59 89
52 83
69 99
60 90
66 96
57 87
72 102
51 69
58 88
37 57
38 75
39 76
40 77
61 91
41 75
42 78
73 103
64 94
48 79
49 82
44 63
70 100
43 64
45 79
46 80
47 81
50 70
67 97
74 104
53 84
54 85
101 120
95 116
83 71
86 110
93 66
89 112
99 72
90 113
96 117
87 60
102 121
88 111
75 59
76 87
77 88
77 105
91 114
78 106
103 122
94 115
79 65
82 108
100 119
80 93
81 107
81 94
97 118
84 99
85 109
85 100
120 73
116 67
110 101
110 128
112 61
113 129
117 130
121 131
111 112
105 123
114 62
106 89
106 124
122 74
115 116
108 95
108 126
119 120
107 125
118 68
109 127
128 134
129 114
130 118
131 122
123 90
124 132
126 133
125 96
127 102
134 137
132 135
133 136
137 103
135 91
136 97
