138 156

25 68
35 74
19 48
29 55
15 62
13 60
9 41
11 58
34 73
2 44
2 45
2 43
2 47
2 46
27 51
32 71
24 67
6 36
33 72
17 44
4 52
4 53
4 50
4 54
4 51
8 38
28 52
16 43
31 70
5 55
5 56
12 59
22 65
26 50
3 48
3 49
14 61
0 40
0 38
0 39
0 37
0 36
10 57
1 41
1 42
18 45
21 64
30 69
7 37
23 66
20 63
68 98
74 104
48 79
55 83
62 92
60 90
41 75
58 88
73 103
43 64
44 63
45 79
46 80
47 81
51 69
71 101
67 97
36 58
72 102
50 70
52 83
53 84
54 85
38 75
70 100
56 86
59 89
65 95
49 82
61 91
37 57
39 76
40 77
57 87
42 78
64 94
69 99
66 96
63 93
79 65
83 71
90 113
75 59
88 111
103 122
80 93
81 94
81 107
101 120
97 118
102 121
84 99
85 100
85 109
100 119
86 110
89 112
95 116
82 108
91 114
76 87
77 105
77 88
87 60
78 106
94 115
99 72
96 117
93 66
113 129
111 112
122 74
107 125
120 73
118 68
121 131
109 127
119 120
110 128
110 101
112 61
116 67
108 95
108 126
114 62
105 123
106 124
106 89
115 116
117 130
129 114
125 96
131 122
127 102
128 134
126 133
123 90
124 132
130 118
134 137
133 136
132 135
137 103
136 97
135 91
