138 156

0 40
0 36
0 38
0 39
0 37
12 59
33 72
9 41
4 54
4 50
4 52
4 51
4 53
34 73
24 67
11 58
26 50
10 57
6 36
2 45
2 47
2 43
2 46
2 44
5 55
5 56
21 64
23 66
19 48
25 68
18 45
22 65
28 52
14 61
8 38
35 74
13 60
3 49
3 48
7 37
1 41
1 42
16 43
31 70
17 44
20 63
30 69
32 71
27 51
15 62
29 55
36 58
37 57
38 75
39 76
40 77
59 89
72 102
41 75
50 70
51 69
52 83
53 84
54 85
73 103
67 97
58 88
57 87
43 64
44 63
45 79
46 80
47 81
55 83
56 86
64 94
66 96
48 79
68 98
65 95
61 91
74 104
60 90
49 82
42 78
70 100
63 93
69 99
71 101
62 92
75 59
76 87
77 105
77 88
89 112
102 121
83 71
84 99
85 109
85 100
103 122
97 118
88 111
87 60
79 65
80 93
81 107
81 94
86 110
94 115
96 117
95 116
91 114
90 113
82 108
78 106
100 119
93 66
99 72
101 120
105 123
112 61
121 131
109 127
122 74
118 68
111 112
107 125
110 128
110 101
115 116
117 130
116 67
114 62
113 129
108 95
108 126
106 124
106 89
119 120
120 73
123 90
131 122
127 102
125 96
128 134
130 118
129 114
126 133
124 132
134 137
133 136
132 135
137 103
136 97
135 91
