138 156

35 74
9 41
27 51
4 53
4 50
4 54
4 51
4 52
19 48
13 60
7 37
20 63
28 52
32 71
8 38
25 68
0 36
0 40
0 39
0 37
0 38
26 50
10 57
5 56
5 55
30 69
12 59
1 41
1 42
34 73
24 67
22 65
16 43
18 45
15 62
21 64
31 70
11 58
3 49
3 48
29 55
17 44
6 36
23 66
2 45
2 43
2 47
2 46
2 44
14 61
33 72
74 104
41 75
51 69
50 70
52 83
53 84
54 85
48 79
60 90
37 57
63 93
71 101
38 75
68 98
36 58
39 76
40 77
57 87
55 83
56 86
69 99
59 89
42 78
73 103
67 97
65 95
43 64
45 79
62 92
64 94
70 100
58 88
49 82
44 63
66 96
46 80
47 81
61 91
72 102
75 59
83 71
84 99
85 100
85 109
79 65
90 113
93 66
101 120
76 87
77 88
77 105
87 60
86 110
99 72
89 112
78 106
103 122
97 118
95 116
94 115
100 119
88 111
82 108
96 117
80 93
81 94
81 107
91 114
102 121
109 127
113 129
120 73
105 123
110 101
110 128
112 61
106 89
106 124
122 74
118 68
116 67
115 116
119 120
111 112
108 95
108 126
117 130
107 125
114 62
121 131
127 102
129 114
123 90
128 134
124 132
126 133
130 118
125 96
131 122
134 137
132 135
133 136
137 103
135 91
136 97
