82 96

8 20
6 30
14 27
0 17
7 31
11 25
3 19
9 23
4 28
12 26
10 24
1 18
1 20
1 19
1 21
13 32
16 34
5 29
15 33
2 26
2 27
2 21
2 24
2 25
2 22
2 23
20 32
30 43
27 39
17 35
31 44
25 34
19 31
23 40
28 41
26 33
24 29
18 37
18 36
21 37
32 45
34 47
29 42
33 46
22 38
22 39
43 53
39 50
35 48
44 41
40 28
41 51
36 49
37 42
45 54
47 30
42 52
46 55
38 45
38 47
53 60
50 58
48 56
51 53
49 52
49 57
54 61
52 59
55 59
60 65
58 63
56 62
57 51
61 66
59 64
65 69
63 68
62 64
62 67
66 70
64 60
69 73
68 72
67 71
70 74
73 77
72 76
71 75
71 65
74 69
77 80
76 79
75 78
79 81
78 73
81 77
