82 96

2 21
2 24
2 22
2 27
2 26
2 23
2 25
9 23
14 27
5 29
16 34
4 28
7 31
6 30
12 26
11 25
3 19
0 17
15 33
8 20
13 32
1 21
1 20
1 18
1 19
10 24
21 37
22 38
22 39
23 40
24 29
25 34
26 33
27 39
29 42
34 47
28 41
31 44
30 43
19 31
17 35
33 46
20 32
32 45
18 36
18 37
37 42
38 45
38 47
39 50
40 28
42 52
47 30
41 51
44 41
43 53
35 48
46 55
45 54
36 49
50 58
52 59
51 53
53 60
48 56
55 59
54 61
49 52
49 57
58 63
59 64
60 65
56 62
61 66
57 51
63 68
64 60
65 69
62 67
62 64
66 70
68 72
69 73
67 71
70 74
72 76
73 77
71 65
71 75
74 69
76 79
77 80
75 78
79 81
78 73
81 77
