82 96

5 29
16 34
7 31
10 24
2 26
2 24
2 27
2 22
2 25
2 23
2 21
15 33
4 28
6 30
11 25
0 17
13 32
14 27
8 20
9 23
12 26
1 19
1 21
1 20
1 18
3 19
29 42
34 47
31 44
24 29
21 37
22 39
22 38
23 40
25 34
26 33
27 39
33 46
28 41
30 43
17 35
32 45
20 32
18 37
18 36
19 31
42 52
47 30
44 41
37 42
38 47
38 45
39 50
40 28
46 55
41 51
43 53
35 48
45 54
36 49
52 59
50 58
55 59
51 53
53 60
48 56
54 61
49 52
49 57
59 64
58 63
60 65
56 62
61 66
57 51
64 60
63 68
65 69
62 67
62 64
66 70
68 72
69 73
67 71
70 74
72 76
73 77
71 75
71 65
74 69
76 79
77 80
75 78
79 81
78 73
81 77
