82 96

6 30
8 20
2 25
2 24
2 22
2 21
2 23
2 26
2 27
16 34
11 25
5 29
4 28
9 23
12 26
14 27
15 33
7 31
3 19
0 17
13 32
1 19
1 20
1 21
1 18
10 24
30 43
20 32
21 37
22 38
22 39
23 40
24 29
25 34
26 33
27 39
34 47
29 42
28 41
33 46
31 44
19 31
17 35
32 45
18 36
18 37
43 53
37 42
38 47
38 45
39 50
40 28
47 30
42 52
41 51
46 55
44 41
35 48
45 54
36 49
53 60
50 58
52 59
51 53
55 59
48 56
54 61
49 52
49 57
60 65
58 63
59 64
56 62
61 66
57 51
65 69
63 68
64 60
62 64
62 67
66 70
69 73
68 72
67 71
70 74
73 77
72 76
71 65
71 75
74 69
77 80
76 79
75 78
79 81
78 73
81 77
