82 96

5 29
16 34
14 27
4 28
0 17
1 20
1 21
1 18
1 19
3 19
15 33
13 32
8 20
7 31
9 23
6 30
11 25
12 26
10 24
2 21
2 27
2 25
2 26
2 22
2 23
2 24
29 42
34 47
27 39
28 41
17 35
18 36
18 37
19 31
20 32
21 37
33 46
32 45
31 44
23 40
30 43
25 34
26 33
24 29
22 39
22 38
42 52
47 30
39 50
41 51
35 48
36 49
37 42
46 55
45 54
44 41
40 28
43 53
38 45
38 47
52 59
50 58
51 53
48 56
49 52
49 57
55 59
54 61
53 60
59 64
58 63
56 62
57 51
61 66
60 65
64 60
63 68
62 67
62 64
66 70
65 69
68 72
67 71
70 74
69 73
72 76
71 75
71 65
74 69
73 77
76 79
75 78
77 80
79 81
78 73
81 77
