9-19 37
37 53
53 31
31 65
65 57
57 83
83 96
96 102
102 108
108 112
0 32
0 30
0 31
32 66
66 88
88 98
98 104
104 102
30 64
64 88
64 89
89 83
89 98
17 57
18 46
46 77
77 60
60 85
85 62
62 86
86 97
97 103
103 109
109 113
25 59
59 42
42 73
73 63
63 87
87 97
19 49
49 78
78 61
61 74
74 92
92 100
100 106
106 103
4 45
4 44
45 76
76 94
94 101
101 107
107 111
111 115
115 117
117 109
44 75
75 43
43 74
10 39
39 67
67 32
6 35
35 69
69 54
54 81
81 56
56 82
82 96
7 38
38 70
70 55
55 66
23 44
20 47
47 58
58 84
84 73
1 33
1 34
34 68
68 90
90 99
99 105
105 110
110 114
114 116
116 108
33 67
3 42
3 43
3 41
41 72
72 92
72 93
93 100
93 87
12 52
52 80
80 65
11 33
2 35
2 37
2 38
2 36
2 39
2 40
40 69
40 70
40 71
71 80
71 91
91 81
36 52
22 50
50 75
16 56
14 54
8 36
21 48
48 59
15 55
24 58
28 62
27 61
5 49
5 48
5 50
5 47
5 46
5 51
51 77
51 79
51 78
79 84
79 95
95 85
13 53
29 63
26 60
9 -> 37
pos_b
try pos (0, 0)
try pos (-1, 0)
try pos (1, 0)
9 (0,0) -> 37 (1,1)
37 -> 53
pos_b
try pos (1, 0)
try pos (0, 0)
try pos (2, 0)
37 (1,0) -> 53 (2,2)
53 -> 31
pos_b
try pos (2, 0)
try pos (1, 0)
try pos (3, 0)
53 (2,0) -> 31 (3,3)
31 -> 65
pos_b
try pos (3, 0)
try pos (2, 0)
try pos (4, 0)
31 (3,0) -> 65 (4,4)
65 -> 57
pos_b
try pos (4, 0)
try pos (3, 0)
try pos (5, 0)
65 (4,0) -> 57 (5,5)
57 -> 83
pos_b
try pos (5, 0)
try pos (4, 0)
try pos (6, 0)
57 (5,0) -> 83 (6,6)
83 -> 96
pos_b
try pos (6, 0)
try pos (5, 0)
try pos (7, 0)
83 (6,0) -> 96 (7,7)
96 -> 102
pos_b
try pos (7, 0)
try pos (6, 0)
try pos (8, 0)
96 (7,0) -> 102 (8,8)
102 -> 108
pos_b
try pos (8, 0)
try pos (7, 0)
try pos (9, 0)
102 (8,0) -> 108 (9,9)
108 -> 112
pos_b
try pos (9, 0)
try pos (8, 0)
try pos (10, 0)
108 (9,0) -> 112 (10,10)
0 -> 32
pos to 0
try pos (0, 0)
try pos (-1, 0)
try pos (1, 0)
try pos (0, -1)
try pos (-1, 1)
try pos (-1, 1)
try pos (1, 1)
pos_b
try pos (1, 1)
try pos (0, 1)
0 (1,1) -> 32 (0,0)
0 -> 30
pos_b
try pos (1, 1)
try pos (0, 1)
try pos (2, 1)
0 (1,1) -> 30 (2,2)
0 -> 31
0 (1,1) -> 31 (3,3)
32 -> 66
pos_b
try pos (0, 1)
try pos (-1, 1)
try pos (1, 1)
try pos (0, 0)
try pos (-1, 2)
try pos (-1, 2)
try pos (1, 2)
32 (0,1) -> 66 (1,1)
66 -> 88
pos_b
try pos (1, 2)
try pos (0, 2)
66 (1,2) -> 88 (0,0)
88 -> 98
pos_b
try pos (0, 2)
try pos (-1, 2)
try pos (1, 2)
try pos (0, 1)
try pos (-1, 3)
try pos (-1, 3)
try pos (1, 3)
88 (0,2) -> 98 (1,1)
98 -> 104
pos_b
try pos (1, 3)
try pos (0, 3)
98 (1,3) -> 104 (0,0)
104 -> 102
104 (0,3) -> 102 (8,8)
30 -> 64
pos_b
try pos (2, 1)
try pos (1, 1)
try pos (3, 1)
30 (2,1) -> 64 (3,3)
64 -> 88
64 (3,1) -> 88 (0,0)
64 -> 89
pos_b
try pos (3, 1)
try pos (2, 1)
try pos (4, 1)
64 (3,1) -> 89 (4,4)
89 -> 83
89 (4,1) -> 83 (6,6)
89 -> 98
89 (4,1) -> 98 (1,1)
17 -> 57
pos to 17
try pos (-1, -1)
try pos (-2, -1)
try pos (0, -1)
try pos (-1, -2)
try pos (-2, 0)
try pos (-2, 0)
try pos (0, 0)
try pos (0, -2)
try pos (-2, -2)
try pos (-1, 1)
try pos (1, -1)
try pos (-1, -3)
try pos (-3, -1)
try pos (-2, 1)
try pos (0, 1)
try pos (0, -3)
try pos (-2, -3)
try pos (-3, 0)
try pos (1, 0)
try pos (1, -2)
try pos (-3, -2)
try pos (-1, 2)
try pos (2, -1)
try pos (-1, 2)
try pos (-1, -4)
try pos (-4, -1)
try pos (1, 1)
try pos (1, -3)
try pos (-3, -3)
try pos (-3, 1)
try pos (0, 2)
try pos (2, 0)
try pos (2, -2)
try pos (0, -4)
try pos (-2, -4)
try pos (-4, -2)
try pos (-4, 0)
try pos (-2, 2)
try pos (-1, 3)
try pos (3, -1)
try pos (-1, -5)
try pos (-5, -1)
try pos (1, 2)
try pos (2, 1)
try pos (2, -3)
try pos (1, -4)
try pos (-3, -4)
try pos (-4, -3)
try pos (-4, 1)
try pos (-3, 2)
try pos (0, 3)
try pos (3, 0)
try pos (3, -2)
try pos (0, -5)
try pos (-2, -5)
try pos (-5, -2)
try pos (-5, 0)
try pos (-2, 3)
try pos (-1, 4)
try pos (4, -1)
try pos (-1, -6)
try pos (-6, -1)
try pos (1, 1)
try pos (-1, -1)
try pos (-1, -1)
No solution!

  9  32  88 104  -1  -1  -1  -1  -1  -1  -1 
 37   0  66  98  -1  -1  -1  -1  -1  -1  -1 
 53  30  -1  -1  -1  -1  -1  -1  -1  -1  -1 
 31  64  -1  -1  -1  -1  -1  -1  -1  -1  -1 
 65  89  -1  -1  -1  -1  -1  -1  -1  -1  -1 
 57  -1  -1  -1  -1  -1  -1  -1  -1  -1  -1 
 83  -1  -1  -1  -1  -1  -1  -1  -1  -1  -1 
 96  -1  -1  -1  -1  -1  -1  -1  -1  -1  -1 
102  -1  -1  -1  -1  -1  -1  -1  -1  -1  -1 
108  -1  -1  -1  -1  -1  -1  -1  -1  -1  -1 
112  -1  -1  -1  -1  -1  -1  -1  -1  -1  -1 
Time placement: 0 ms

