5-15 55
5 56
56 86
86 110
110 128
110 101
101 120
120 73
73 103
103 122
122 74
74 104
128 134
134 137
137 103
55 83
83 71
71 101
9 41
41 75
75 59
59 89
89 112
112 61
61 91
91 114
114 62
62 92
30 69
69 99
99 72
72 102
102 121
121 131
131 122
17 44
44 63
63 93
93 66
66 96
96 117
117 130
130 118
118 68
68 98
27 51
51 69
15 62
4 53
4 50
4 54
4 51
4 52
54 85
85 109
85 100
100 119
119 120
109 127
127 102
53 84
84 99
52 83
50 70
70 100
18 45
45 79
79 65
65 95
95 116
116 67
67 97
97 118
7 37
37 57
57 87
87 60
60 90
90 113
113 129
129 114
26 50
32 71
25 68
34 73
35 74
20 63
28 52
10 57
2 46
2 43
2 45
2 47
2 44
47 81
81 107
81 94
94 115
115 116
107 125
125 96
46 80
80 93
43 64
64 94
1 42
1 41
42 78
78 106
106 89
106 124
124 132
132 135
135 91
11 58
58 88
88 111
111 112
6 36
36 58
21 64
12 59
33 72
31 70
29 55
0 39
0 40
0 36
0 37
0 38
40 77
77 105
77 88
105 123
123 90
39 76
76 87
38 75
13 60
24 67
3 49
3 48
49 82
82 108
108 95
108 126
126 133
133 136
136 97
48 79
19 48
16 43
22 65
14 61
23 66
8 38
5 -> 55
pos_b
try pos (0, 0)
try pos (-1, 0)
try pos (1, 0)
5 (0,0) -> 55 (1,1)
5 -> 56
pos_b
try pos (0, 0)
try pos (-1, 0)
try pos (1, 0)
try pos (0, 1)
5 (0,0) -> 56 (0,0)
56 -> 86
pos_b
try pos (0, 1)
try pos (-1, 1)
try pos (1, 1)
56 (0,1) -> 86 (1,1)
86 -> 110
pos_b
try pos (1, 1)
try pos (0, 1)
try pos (2, 1)
86 (1,1) -> 110 (2,2)
110 -> 128
pos_b
try pos (2, 1)
try pos (1, 1)
try pos (3, 1)
110 (2,1) -> 128 (3,3)
110 -> 101
pos_b
try pos (2, 1)
try pos (1, 1)
try pos (3, 1)
try pos (2, 2)
110 (2,1) -> 101 (2,2)
101 -> 120
pos_b
try pos (2, 2)
try pos (1, 2)
101 (2,2) -> 120 (1,1)
120 -> 73
pos_b
try pos (1, 2)
try pos (0, 2)
120 (1,2) -> 73 (0,0)
73 -> 103
pos_b
try pos (0, 2)
try pos (-1, 2)
try pos (1, 2)
try pos (0, 3)
73 (0,2) -> 103 (0,0)
103 -> 122
pos_b
try pos (0, 3)
try pos (-1, 3)
try pos (1, 3)
103 (0,3) -> 122 (1,1)
122 -> 74
pos_b
try pos (1, 3)
try pos (0, 3)
try pos (2, 3)
122 (1,3) -> 74 (2,2)
74 -> 104
pos_b
try pos (2, 3)
try pos (1, 3)
try pos (3, 3)
74 (2,3) -> 104 (3,3)
128 -> 134
pos_b
try pos (3, 1)
try pos (2, 1)
try pos (4, 1)
128 (3,1) -> 134 (4,4)
134 -> 137
pos_b
try pos (4, 1)
try pos (3, 1)
try pos (5, 1)
134 (4,1) -> 137 (5,5)
137 -> 103
137 (5,1) -> 103 (0,0)
55 -> 83
pos_b
try pos (1, 0)
try pos (0, 0)
try pos (2, 0)
55 (1,0) -> 83 (2,2)
83 -> 71
pos_b
try pos (2, 0)
try pos (1, 0)
try pos (3, 0)
83 (2,0) -> 71 (3,3)
71 -> 101
71 (3,0) -> 101 (2,2)
9 -> 41
pos to 9
try pos (-1, -1)
try pos (-2, -1)
try pos (0, -1)
try pos (-1, 0)
try pos (-2, -1)
try pos (-2, 0)
try pos (0, 0)
try pos (0, -2)
try pos (-2, -2)
try pos (-1, 1)
try pos (1, -1)
try pos (-1, -3)
try pos (-3, -1)
try pos (-2, 1)
try pos (0, 1)
try pos (0, -3)
try pos (-2, -3)
try pos (-3, 0)
try pos (1, 0)
try pos (1, -2)
try pos (-3, -2)
try pos (-1, 2)
try pos (2, -1)
try pos (-1, 2)
try pos (-1, -4)
try pos (-4, -1)
try pos (1, 1)
try pos (1, -3)
try pos (-3, -3)
try pos (-3, 1)
try pos (0, 2)
try pos (2, 0)
try pos (2, -2)
try pos (0, -4)
try pos (-2, -4)
try pos (-4, -2)
try pos (-4, 0)
try pos (-2, 2)
try pos (-1, 3)
try pos (3, -1)
try pos (-1, -5)
try pos (-5, -1)
try pos (1, 2)
try pos (2, 1)
try pos (2, -3)
try pos (1, -4)
try pos (-3, -4)
try pos (-4, -3)
try pos (-4, 1)
try pos (-3, 2)
try pos (0, 3)
try pos (3, 0)
try pos (3, -2)
try pos (0, -5)
try pos (-2, -5)
try pos (-5, -2)
try pos (-5, 0)
try pos (-2, 3)
try pos (-1, 4)
try pos (4, -1)
try pos (-1, -6)
try pos (-6, -1)
try pos (3, 3)
try pos (-1, -1)
try pos (-1, -1)
No solution!

  5  56  73 103  -1  -1  -1  -1  -1  -1  -1  -1 
 55  86 120 122  -1  -1  -1  -1  -1  -1  -1  -1 
 83 110 101  74  -1  -1  -1  -1  -1  -1  -1  -1 
 71 128  -1 104  -1  -1  -1  -1  -1  -1  -1  -1 
 -1 134  -1  -1  -1  -1  -1  -1  -1  -1  -1  -1 
 -1 137  -1  -1  -1  -1  -1  -1  -1  -1  -1  -1 
 -1  -1  -1  -1  -1  -1  -1  -1  -1  -1  -1  -1 
 -1  -1  -1  -1  -1  -1  -1  -1  -1  -1  -1  -1 
 -1  -1  -1  -1  -1  -1  -1  -1  -1  -1  -1  -1 
 -1  -1  -1  -1  -1  -1  -1  -1  -1  -1  -1  -1 
 -1  -1  -1  -1  -1  -1  -1  -1  -1  -1  -1  -1 
 -1  -1  -1  -1  -1  -1  -1  -1  -1  -1  -1  -1 
Time placement: 0 ms

