14-114 61
61 91
91 114
114 62
62 92
3 48
3 49
49 82
82 108
108 126
108 95
95 116
116 67
67 97
97 118
118 68
68 98
126 133
133 136
136 97
48 79
79 65
65 95
30 69
69 99
99 72
72 102
102 121
121 131
131 122
122 74
74 104
2 44
2 47
2 45
2 43
2 46
47 81
81 94
81 107
94 115
115 116
107 125
125 96
96 117
117 130
130 118
46 80
80 93
93 66
66 96
45 79
44 63
63 93
43 64
64 94
11 58
58 88
88 111
111 112
112 61
33 72
16 43
9 41
41 75
75 59
59 89
89 112
7 37
37 57
57 87
87 60
60 90
90 113
113 129
129 114
26 50
50 70
70 100
100 119
119 120
120 73
73 103
103 122
0 37
0 39
0 40
0 36
0 38
40 77
77 88
77 105
105 123
123 90
39 76
76 87
38 75
36 58
20 63
17 44
1 41
1 42
42 78
78 106
106 89
106 124
124 132
132 135
135 91
10 57
18 45
13 60
5 55
5 56
56 86
86 110
110 101
110 128
101 120
128 134
134 137
137 103
55 83
83 71
71 101
27 51
51 69
19 48
23 66
29 55
35 74
22 65
6 36
12 59
34 73
28 52
52 83
32 71
15 62
21 64
24 67
31 70
8 38
25 68
4 51
4 54
4 53
4 50
4 52
54 85
85 100
85 109
109 127
127 102
53 84
84 99
14 -> 61
pos_b
try pos (0, 0)
try pos (-1, 0)
try pos (1, 0)
14 (0,0) -> 61 (1,1)
61 -> 91
pos_b
try pos (1, 0)
try pos (0, 0)
try pos (2, 0)
61 (1,0) -> 91 (2,2)
91 -> 114
pos_b
try pos (2, 0)
try pos (1, 0)
try pos (3, 0)
91 (2,0) -> 114 (3,3)
114 -> 62
pos_b
try pos (3, 0)
try pos (2, 0)
try pos (4, 0)
114 (3,0) -> 62 (4,4)
62 -> 92
pos_b
try pos (4, 0)
try pos (3, 0)
try pos (5, 0)
62 (4,0) -> 92 (5,5)
3 -> 48
pos to 3
try pos (-1, -1)
try pos (-2, -1)
try pos (0, -1)
try pos (-1, -2)
try pos (-2, -1)
try pos (-2, 0)
try pos (0, 0)
try pos (0, -2)
try pos (-2, -2)
try pos (-1, 1)
try pos (1, -1)
try pos (-1, -3)
try pos (-3, -1)
try pos (-2, 1)
try pos (0, 1)
pos_b
try pos (0, 1)
try pos (-1, 1)
try pos (1, 1)
3 (0,1) -> 48 (1,1)
3 -> 49
pos_b
try pos (0, 1)
try pos (-1, 1)
try pos (1, 1)
try pos (0, 0)
try pos (-1, 1)
try pos (-1, 2)
try pos (1, 2)
3 (0,1) -> 49 (1,1)
49 -> 82
pos_b
try pos (1, 2)
try pos (0, 2)
49 (1,2) -> 82 (0,0)
82 -> 108
pos_b
try pos (0, 2)
try pos (-1, 2)
try pos (1, 2)
try pos (0, 1)
try pos (-1, 2)
try pos (-1, 3)
try pos (1, 3)
82 (0,2) -> 108 (1,1)
108 -> 126
pos_b
try pos (1, 3)
try pos (0, 3)
108 (1,3) -> 126 (0,0)
108 -> 95
pos_b
try pos (1, 3)
try pos (0, 3)
try pos (2, 3)
108 (1,3) -> 95 (2,2)
95 -> 116
pos_b
try pos (2, 3)
try pos (1, 3)
try pos (3, 3)
95 (2,3) -> 116 (3,3)
116 -> 67
pos_b
try pos (3, 3)
try pos (2, 3)
try pos (4, 3)
116 (3,3) -> 67 (4,4)
67 -> 97
pos_b
try pos (4, 3)
try pos (3, 3)
try pos (5, 3)
67 (4,3) -> 97 (5,5)
97 -> 118
pos_b
try pos (5, 3)
try pos (4, 3)
try pos (6, 3)
97 (5,3) -> 118 (6,6)
118 -> 68
pos_b
try pos (6, 3)
try pos (5, 3)
try pos (7, 3)
118 (6,3) -> 68 (7,7)
68 -> 98
pos_b
try pos (7, 3)
try pos (6, 3)
try pos (8, 3)
68 (7,3) -> 98 (8,8)
126 -> 133
pos_b
try pos (0, 3)
try pos (-1, 3)
try pos (1, 3)
try pos (0, 2)
try pos (-1, 3)
try pos (-1, 4)
try pos (1, 4)
126 (0,3) -> 133 (1,1)
133 -> 136
pos_b
try pos (1, 4)
try pos (0, 4)
133 (1,4) -> 136 (0,0)
136 -> 97
136 (0,4) -> 97 (5,5)
48 -> 79
pos_b
try pos (1, 1)
try pos (0, 1)
try pos (2, 1)
48 (1,1) -> 79 (2,2)
79 -> 65
pos_b
try pos (2, 1)
try pos (1, 1)
try pos (3, 1)
79 (2,1) -> 65 (3,3)
65 -> 95
65 (3,1) -> 95 (2,2)
30 -> 69
pos to 30
try pos (-1, -1)
try pos (-2, -1)
try pos (0, -1)
try pos (-1, -2)
try pos (-2, -1)
try pos (-2, 0)
try pos (0, 0)
try pos (0, -2)
try pos (-2, -2)
try pos (-1, 1)
try pos (1, -1)
try pos (-1, -3)
try pos (-3, -1)
try pos (-2, 1)
try pos (0, 1)
try pos (0, -3)
try pos (-2, -3)
try pos (-3, 0)
try pos (1, 0)
try pos (1, -2)
try pos (-3, -2)
try pos (-1, 2)
try pos (2, -1)
try pos (-1, 2)
try pos (-1, -4)
try pos (-4, -1)
try pos (1, 1)
try pos (1, -3)
try pos (-3, -3)
try pos (-3, 1)
try pos (0, 2)
try pos (2, 0)
try pos (2, -2)
try pos (0, -4)
try pos (-2, -4)
try pos (-4, -2)
try pos (-4, 0)
try pos (-2, 2)
try pos (-1, 3)
try pos (3, -1)
try pos (-1, -5)
try pos (-5, -1)
try pos (1, 2)
try pos (2, 1)
try pos (2, -3)
try pos (1, -4)
try pos (-3, -4)
try pos (-4, -3)
try pos (-4, 1)
try pos (-3, 2)
try pos (0, 3)
try pos (3, 0)
try pos (3, -2)
try pos (0, -5)
try pos (-2, -5)
try pos (-5, -2)
try pos (-5, 0)
try pos (-2, 3)
try pos (-1, 4)
try pos (4, -1)
try pos (-1, -6)
try pos (-6, -1)
try pos (0, 0)
try pos (-1, -1)
try pos (-1, -1)
No solution!

 14   3  82 126 136  -1  -1  -1  -1  -1  -1  -1 
 61  48  49 108 133  -1  -1  -1  -1  -1  -1  -1 
 91  79  -1  95  -1  -1  -1  -1  -1  -1  -1  -1 
114  65  -1 116  -1  -1  -1  -1  -1  -1  -1  -1 
 62  -1  -1  67  -1  -1  -1  -1  -1  -1  -1  -1 
 92  -1  -1  97  -1  -1  -1  -1  -1  -1  -1  -1 
 -1  -1  -1 118  -1  -1  -1  -1  -1  -1  -1  -1 
 -1  -1  -1  68  -1  -1  -1  -1  -1  -1  -1  -1 
 -1  -1  -1  98  -1  -1  -1  -1  -1  -1  -1  -1 
 -1  -1  -1  -1  -1  -1  -1  -1  -1  -1  -1  -1 
 -1  -1  -1  -1  -1  -1  -1  -1  -1  -1  -1  -1 
 -1  -1  -1  -1  -1  -1  -1  -1  -1  -1  -1  -1 
Time placement: 0 ms

