74
73
71
70
6D
69
65
5E
55
5C
53
48
3B
2D
1A
2
A
4B
51
45
38
29
15
1
3F
47
3A
2C
18
B
2
32
38
23
2F
1F
2
6
16
3
1
72
6E
6F
6C
68
62
59
50
44
37
28
14
0
6B
6A
66
5F
61
56
58
4E
42
35
2F
26
1D
10
2
8
5A
4C
51
40
4F
43
36
2F
27
1B
12
2
9
33
45
38
24
D
2B
17
19
C
2
1
5
6C
67
64
60
57
4D
41
34
25
3D
2F
30
F
1F
21
E
2
63
5D
5A
54
5B
4A
3E
31
3D
22
4
20
7
2
52
51
46
49
39
2A
1C
15
11
2
3C
3D
2E
1E
2
0
0
0
0
0
0
0
0
0
0
0
0
0
0
0
0
0
0
0
0
0
0
0
0
0
0
0
0
0
0
0
0
0
0
0
0
0
0
0
0
0
0
0
0
0
0
0
0
0
0
0
0
0
0
0
0
0
0
0
0
0
0
0
0
0
0
0
0
0
0
0
0
0
0
0
0
0
0
0
0
0
0
0
0
0
0
0
0
0
0
0
0
0
0
0
0
0
0
0
0
0
0
0
0
0
0
0
0
0
0
0
0
0
0
0
