74
73
71
70
6D
69
65
5E
55
5C
53
48
3B
2D
1A
A
2
51
4B
45
38
29
15
1
47
3F
3A
2C
18
2
B
38
32
2F
23
1F
2
6
16
1
3
72
6E
6F
6C
68
62
59
50
44
37
28
14
0
6A
6B
66
5F
61
56
58
4E
42
35
2F
26
10
1D
8
2
5A
4C
51
4F
40
43
36
2F
27
1B
12
9
2
33
45
24
38
D
2B
17
19
C
2
5
1
6C
67
64
60
57
4D
41
34
25
3D
2F
30
F
1F
21
2
E
5D
63
5A
5B
54
4A
3E
3D
31
22
4
20
2
7
52
51
46
49
39
2A
15
1C
2
11
3C
3D
2E
1E
13
0
0
0
0
0
0
0
0
0
0
0
0
0
0
0
0
0
0
0
0
0
0
0
0
0
0
0
0
0
0
0
0
0
0
0
0
0
0
0
0
0
0
0
0
0
0
0
0
0
0
0
0
0
0
0
0
0
0
0
0
0
0
0
0
0
0
0
0
0
0
0
0
0
0
0
0
0
0
0
0
0
0
0
0
0
0
0
0
0
0
0
0
0
0
0
0
0
0
0
0
0
0
0
0
0
0
0
0
0
0
0
0
0
0
0
