74
71
73
70
6D
69
65
5E
5C
55
53
48
3B
2D
1A
2
A
4B
51
45
38
29
15
1
47
3F
3A
2C
18
2
B
32
38
2F
23
1F
2
16
6
3
1
6E
72
6F
6C
68
62
59
50
44
37
28
14
0
6A
6B
66
5F
56
61
58
4E
42
35
2F
26
1D
10
8
2
5A
4C
51
40
4F
43
36
27
2F
12
1B
2
9
45
33
38
24
D
2B
19
17
2
C
5
1
67
6C
60
64
57
4D
41
34
25
3D
2F
30
F
21
1F
2
E
5D
63
5A
54
5B
4A
3E
3D
31
22
20
4
2
7
51
52
46
49
39
2A
1C
15
2
11
3D
3C
2E
1E
13
0
0
0
0
0
0
0
0
0
0
0
0
0
0
0
0
0
0
0
0
0
0
0
0
0
0
0
0
0
0
0
0
0
0
0
0
0
0
0
0
0
0
0
0
0
0
0
0
0
0
0
0
0
0
0
0
0
0
0
0
0
0
0
0
0
0
0
0
0
0
0
0
0
0
0
0
0
0
0
0
0
0
0
0
0
0
0
0
0
0
0
0
0
0
0
0
0
0
0
0
0
0
0
0
0
0
0
0
0
0
0
0
0
0
0
