74
73
71
70
6D
69
65
5E
55
5C
53
48
3B
2D
1A
2
A
4B
51
45
38
29
15
1
47
3F
3A
2C
18
B
2
38
32
2F
23
1F
2
16
6
1
3
6E
72
6F
6C
68
62
59
50
44
37
28
14
0
6B
6A
66
5F
61
56
58
4E
42
35
2F
26
1D
10
2
8
5A
4C
51
40
4F
43
36
27
2F
12
1B
2
9
33
45
38
24
2B
D
19
17
2
C
1
5
67
6C
64
60
57
4D
41
34
3D
25
2F
30
F
1F
21
2
E
5D
63
5A
5B
54
4A
3E
31
3D
22
20
4
2
7
52
51
46
49
39
2A
15
1C
11
2
3D
3C
2E
1E
2
0
0
0
0
0
0
0
0
0
0
0
0
0
0
0
0
0
0
0
0
0
0
0
0
0
0
0
0
0
0
0
0
0
0
0
0
0
0
0
0
0
0
0
0
0
0
0
0
0
0
0
0
0
0
0
0
0
0
0
0
0
0
0
0
0
0
0
0
0
0
0
0
0
0
0
0
0
0
0
0
0
0
0
0
0
0
0
0
0
0
0
0
0
0
0
0
0
0
0
0
0
0
0
0
0
0
0
0
0
0
0
0
0
0
0
