74
73
71
70
6D
69
65
5E
55
5C
53
48
3B
2D
1A
A
2
4B
51
45
38
29
15
1
3F
47
3A
2C
18
B
2
32
38
2F
23
1F
2
16
6
3
1
6E
72
6F
6C
68
62
59
50
44
37
28
14
0
6B
6A
66
5F
56
61
58
4E
42
35
26
2F
1D
10
2
8
4C
5A
51
4F
40
43
36
2F
27
12
1B
9
2
33
45
38
24
D
2B
19
17
2
C
1
5
6C
67
60
64
57
4D
41
34
3D
25
2F
F
30
1F
21
E
2
5D
63
5A
5B
54
4A
3E
3D
31
22
4
20
2
7
51
52
49
46
39
2A
15
1C
2
11
3C
3D
2E
1E
13
0
0
0
0
0
0
0
0
0
0
0
0
0
0
0
0
0
0
0
0
0
0
0
0
0
0
0
0
0
0
0
0
0
0
0
0
0
0
0
0
0
0
0
0
0
0
0
0
0
0
0
0
0
0
0
0
0
0
0
0
0
0
0
0
0
0
0
0
0
0
0
0
0
0
0
0
0
0
0
0
0
0
0
0
0
0
0
0
0
0
0
0
0
0
0
0
0
0
0
0
0
0
0
0
0
0
0
0
0
0
0
0
0
0
0
