74
71
73
70
6D
69
65
5E
55
5C
53
48
3B
2D
1A
2
A
4B
51
45
38
29
15
1
3F
47
3A
2C
18
B
2
32
38
23
2F
1F
2
16
6
1
3
72
6E
6F
6C
68
62
59
50
44
37
28
14
0
6A
6B
66
5F
56
61
58
4E
42
35
26
2F
10
1D
8
2
4C
5A
51
40
4F
43
36
27
2F
12
1B
2
9
45
33
38
24
D
2B
17
19
2
C
5
1
67
6C
64
60
57
4D
41
34
25
3D
2F
30
F
1F
21
2
E
5D
63
5A
54
5B
4A
3E
31
3D
22
20
4
7
2
51
52
49
46
39
2A
15
1C
2
11
3C
3D
2E
1E
2
0
0
0
0
0
0
0
0
0
0
0
0
0
0
0
0
0
0
0
0
0
0
0
0
0
0
0
0
0
0
0
0
0
0
0
0
0
0
0
0
0
0
0
0
0
0
0
0
0
0
0
0
0
0
0
0
0
0
0
0
0
0
0
0
0
0
0
0
0
0
0
0
0
0
0
0
0
0
0
0
0
0
0
0
0
0
0
0
0
0
0
0
0
0
0
0
0
0
0
0
0
0
0
0
0
0
0
0
0
0
0
0
0
0
0
