74
73
71
70
6D
69
65
5E
5C
55
53
48
3B
2D
1A
A
2
51
4B
45
38
29
15
1
47
3F
3A
2C
18
B
2
32
38
23
2F
1F
2
6
16
3
1
72
6E
6F
6C
68
62
59
50
44
37
28
14
0
6A
6B
66
5F
56
61
58
4E
42
35
2F
26
10
1D
2
8
4C
5A
51
40
4F
43
36
2F
27
1B
12
9
2
45
33
24
38
2B
D
17
19
2
C
1
5
67
6C
60
64
57
4D
41
34
25
3D
2F
30
F
1F
21
E
2
5D
63
5A
54
5B
4A
3E
31
3D
22
4
20
2
7
51
52
49
46
39
2A
1C
15
2
11
3C
3D
2E
1E
2
0
0
0
0
0
0
0
0
0
0
0
0
0
0
0
0
0
0
0
0
0
0
0
0
0
0
0
0
0
0
0
0
0
0
0
0
0
0
0
0
0
0
0
0
0
0
0
0
0
0
0
0
0
0
0
0
0
0
0
0
0
0
0
0
0
0
0
0
0
0
0
0
0
0
0
0
0
0
0
0
0
0
0
0
0
0
0
0
0
0
0
0
0
0
0
0
0
0
0
0
0
0
0
0
0
0
0
0
0
0
0
0
0
0
0
