28-128 61
61 93
93 125
24 58
58 90
90 122
122 59
59 91
91 123
2 37
2 36
37 68
37 69
68 52
52 84
84 116
116 53
53 85
85 117
69 100
69 101
101 84
100 130
130 116
130 138
138 146
146 85
36 68
4 41
4 40
41 73
41 72
72 56
56 88
88 120
120 57
57 89
89 121
73 105
73 104
105 88
104 132
132 140
132 120
140 148
148 89
40 72
27 60
60 92
92 124
124 61
17 38
38 70
70 54
54 86
86 118
118 55
55 87
87 119
15 52
16 53
26 44
44 76
76 60
31 63
63 95
95 127
22 57
14 36
5 43
5 42
43 74
43 75
74 58
75 106
75 107
107 90
106 133
133 141
133 122
141 149
149 91
42 74
23 42
29 46
46 78
78 62
62 94
94 126
126 63
11 34
34 66
66 50
50 82
82 114
114 51
51 83
83 115
25 59
6 44
6 45
45 77
45 76
77 108
77 109
109 92
108 134
134 142
134 124
142 150
150 93
13 51
21 56
10 49
49 81
81 113
18 54
3 38
3 39
39 70
39 71
71 103
71 102
103 86
102 131
131 118
131 139
139 147
147 87
9 48
48 80
80 112
112 49
20 40
1 35
1 34
35 67
35 66
67 98
67 99
99 82
98 129
129 114
129 137
137 145
145 83
7 47
7 46
47 79
47 78
79 110
79 111
111 94
110 135
135 143
135 126
143 151
151 95
0 33
0 32
33 64
33 65
64 48
65 96
65 97
97 80
96 128
128 136
128 112
136 144
144 81
32 64
8 32
12 50
30 62
19 55
28 -> 61
pos_b
try pos (0, 0)
try pos (0, 1)
28 (0,0) -> 61 (0,0)
61 -> 93
pos_b
try pos (0, 1)
try pos (0, 2)
61 (0,1) -> 93 (0,0)
93 -> 125
pos_b
try pos (0, 2)
try pos (0, 3)
93 (0,2) -> 125 (0,0)
24 -> 58
pos to 24
try pos (-1, -1)
try pos (-1, 0)
try pos (0, -1)
try pos (-1, 0)
try pos (-1, -2)
try pos (-2, 0)
try pos (0, 0)
try pos (0, -2)
try pos (-2, -2)
try pos (-1, 1)
try pos (1, -1)
try pos (-1, -3)
try pos (-3, -1)
try pos (-2, 1)
try pos (0, 1)
try pos (0, -3)
try pos (-2, -3)
try pos (-3, 0)
try pos (1, 0)
pos_b
try pos (1, 0)
try pos (1, 1)
24 (1,0) -> 58 (1,1)
58 -> 90
pos_b
try pos (1, 1)
try pos (1, 2)
58 (1,1) -> 90 (1,1)
90 -> 122
pos_b
try pos (1, 2)
try pos (1, 3)
90 (1,2) -> 122 (1,1)
122 -> 59
pos_b
try pos (1, 3)
try pos (1, 4)
122 (1,3) -> 59 (1,1)
59 -> 91
pos_b
try pos (1, 4)
try pos (1, 5)
59 (1,4) -> 91 (1,1)
91 -> 123
pos_b
try pos (1, 5)
try pos (1, 6)
91 (1,5) -> 123 (1,1)
2 -> 37
pos to 2
try pos (-1, -1)
try pos (-1, 0)
try pos (0, -1)
try pos (-1, 0)
try pos (-1, -2)
try pos (-2, 0)
try pos (0, 0)
try pos (0, -2)
try pos (-2, -2)
try pos (-1, 1)
try pos (1, -1)
try pos (-1, -3)
try pos (-3, -1)
try pos (-2, 1)
try pos (0, 1)
try pos (0, -3)
try pos (-2, -3)
try pos (-3, 0)
try pos (1, 0)
try pos (1, -2)
try pos (-3, -2)
try pos (-1, 2)
try pos (2, -1)
try pos (-1, 2)
try pos (-1, -4)
try pos (-4, -1)
try pos (1, 1)
try pos (1, -3)
try pos (-3, -3)
try pos (-3, 1)
try pos (0, 2)
try pos (2, 0)
pos_b
try pos (2, 0)
try pos (2, 1)
2 (2,0) -> 37 (2,2)
2 -> 36
pos_b
try pos (2, 0)
try pos (2, 1)
try pos (3, 0)
2 (2,0) -> 36 (3,3)
37 -> 68
pos_b
try pos (2, 1)
try pos (2, 2)
37 (2,1) -> 68 (2,2)
37 -> 69
pos_b
try pos (2, 1)
try pos (2, 2)
try pos (3, 1)
37 (2,1) -> 69 (3,3)
68 -> 52
pos_b
try pos (2, 2)
try pos (2, 3)
68 (2,2) -> 52 (2,2)
52 -> 84
pos_b
try pos (2, 3)
try pos (2, 4)
52 (2,3) -> 84 (2,2)
84 -> 116
pos_b
try pos (2, 4)
try pos (2, 5)
84 (2,4) -> 116 (2,2)
116 -> 53
pos_b
try pos (2, 5)
try pos (2, 6)
116 (2,5) -> 53 (2,2)
53 -> 85
pos_b
try pos (2, 6)
try pos (2, 7)
53 (2,6) -> 85 (2,2)
85 -> 117
pos_b
try pos (2, 7)
try pos (2, 8)
85 (2,7) -> 117 (2,2)
69 -> 100
pos_b
try pos (3, 1)
try pos (3, 2)
69 (3,1) -> 100 (3,3)
69 -> 101
pos_b
try pos (3, 1)
try pos (3, 2)
try pos (4, 1)
69 (3,1) -> 101 (4,4)
101 -> 84
101 (4,1) -> 84 (2,2)
100 -> 130
pos_b
try pos (3, 2)
try pos (3, 3)
100 (3,2) -> 130 (3,3)
130 -> 116
130 (3,3) -> 116 (2,2)
130 -> 138
pos_b
try pos (3, 3)
try pos (3, 4)
130 (3,3) -> 138 (3,3)
138 -> 146
pos_b
try pos (3, 4)
try pos (3, 5)
138 (3,4) -> 146 (3,3)
146 -> 85
146 (3,5) -> 85 (2,2)
36 -> 68
36 (3,0) -> 68 (2,2)
4 -> 41
pos to 4
try pos (-1, -1)
try pos (-1, 0)
try pos (0, -1)
try pos (-1, 0)
try pos (-1, -2)
try pos (-2, 0)
try pos (0, 0)
try pos (0, -2)
try pos (-2, -2)
try pos (-1, 1)
try pos (1, -1)
try pos (-1, -3)
try pos (-3, -1)
try pos (-2, 1)
try pos (0, 1)
try pos (0, -3)
try pos (-2, -3)
try pos (-3, 0)
try pos (1, 0)
try pos (1, -2)
try pos (-3, -2)
try pos (-1, 2)
try pos (2, -1)
try pos (-1, 2)
try pos (-1, -4)
try pos (-4, -1)
try pos (1, 1)
try pos (1, -3)
try pos (-3, -3)
try pos (-3, 1)
try pos (0, 2)
try pos (2, 0)
try pos (2, -2)
try pos (0, -4)
try pos (-2, -4)
try pos (-4, -2)
try pos (-4, 0)
try pos (-2, 2)
try pos (-1, 3)
try pos (3, -1)
try pos (-1, -5)
try pos (-5, -1)
try pos (1, 2)
try pos (2, 1)
try pos (2, -3)
try pos (1, -4)
try pos (-3, -4)
try pos (-4, -3)
try pos (-4, 1)
try pos (-3, 2)
try pos (0, 3)
try pos (3, 0)
try pos (3, -2)
try pos (0, -5)
try pos (-2, -5)
try pos (-5, -2)
try pos (-5, 0)
try pos (-2, 3)
try pos (-1, 4)
try pos (4, -1)
try pos (-1, -6)
try pos (-6, -1)
try pos (0, 0)
try pos (-1, -1)
try pos (-1, -1)
No solution!

 28  61  93 125  -1  -1  -1  -1  -1  -1  -1  -1  -1 
 24  58  90 122  59  91 123  -1  -1  -1  -1  -1  -1 
  2  37  68  52  84 116  53  85 117  -1  -1  -1  -1 
 36  69 100 130 138 146  -1  -1  -1  -1  -1  -1  -1 
 -1 101  -1  -1  -1  -1  -1  -1  -1  -1  -1  -1  -1 
 -1  -1  -1  -1  -1  -1  -1  -1  -1  -1  -1  -1  -1 
 -1  -1  -1  -1  -1  -1  -1  -1  -1  -1  -1  -1  -1 
 -1  -1  -1  -1  -1  -1  -1  -1  -1  -1  -1  -1  -1 
 -1  -1  -1  -1  -1  -1  -1  -1  -1  -1  -1  -1  -1 
 -1  -1  -1  -1  -1  -1  -1  -1  -1  -1  -1  -1  -1 
 -1  -1  -1  -1  -1  -1  -1  -1  -1  -1  -1  -1  -1 
 -1  -1  -1  -1  -1  -1  -1  -1  -1  -1  -1  -1  -1 
 -1  -1  -1  -1  -1  -1  -1  -1  -1  -1  -1  -1  -1 
Time placement: 0 ms

