74
71
73
70
6D
69
65
5E
55
5C
53
48
3B
2D
1A
2
A
4B
51
45
38
29
15
1
3F
47
3A
2C
18
2
B
32
38
23
2F
1F
2
6
16
3
1
6E
72
6F
6C
68
62
59
50
44
37
28
14
0
6B
6A
66
5F
56
61
58
4E
42
35
26
2F
10
1D
8
2
5A
4C
51
40
4F
43
36
27
2F
1B
12
2
9
45
33
24
38
2B
D
17
19
2
C
1
5
6C
67
64
60
57
4D
41
34
3D
25
2F
30
F
21
1F
E
2
5D
63
5A
5B
54
4A
3E
3D
31
22
20
4
7
2
51
52
46
49
39
2A
1C
15
2
11
3D
3C
2E
1E
13
0
0
0
0
0
0
0
0
0
0
0
0
0
0
0
0
0
0
0
0
0
0
0
0
0
0
0
0
0
0
0
0
0
0
0
0
0
0
0
0
0
0
0
0
0
0
0
0
0
0
0
0
0
0
0
0
0
0
0
0
0
0
0
0
0
0
0
0
0
0
0
0
0
0
0
0
0
0
0
0
0
0
0
0
0
0
0
0
0
0
0
0
0
0
0
0
0
0
0
0
0
0
0
0
0
0
0
0
0
0
0
0
0
0
0
