74
73
71
70
6D
69
65
5E
5C
55
53
48
3B
2D
1A
A
2
4B
51
45
38
29
15
1
3F
47
3A
2C
18
B
2
32
38
2F
23
1F
2
16
6
3
1
6E
72
6F
6C
68
62
59
50
44
37
28
14
0
6B
6A
66
5F
56
61
58
4E
42
35
26
2F
1D
10
8
2
5A
4C
51
4F
40
43
36
27
2F
1B
12
9
2
33
45
38
24
2B
D
19
17
C
2
1
5
6C
67
60
64
57
4D
41
34
25
3D
2F
F
30
21
1F
E
2
63
5D
5A
54
5B
4A
3E
31
3D
22
20
4
2
7
51
52
46
49
39
2A
15
1C
11
2
3D
3C
2E
1E
2
0
0
0
0
0
0
0
0
0
0
0
0
0
0
0
0
0
0
0
0
0
0
0
0
0
0
0
0
0
0
0
0
0
0
0
0
0
0
0
0
0
0
0
0
0
0
0
0
0
0
0
0
0
0
0
0
0
0
0
0
0
0
0
0
0
0
0
0
0
0
0
0
0
0
0
0
0
0
0
0
0
0
0
0
0
0
0
0
0
0
0
0
0
0
0
0
0
0
0
0
0
0
0
0
0
0
0
0
0
0
0
0
0
0
0
