74
71
73
70
6D
69
65
5E
55
5C
53
48
3B
2D
1A
2
A
51
4B
45
38
29
15
1
47
3F
3A
2C
18
2
B
38
32
2F
23
1F
2
6
16
1
3
6E
72
6F
6C
68
62
59
50
44
37
28
14
0
6B
6A
66
5F
61
56
58
4E
42
35
2F
26
10
1D
2
8
5A
4C
51
4F
40
43
36
2F
27
1B
12
9
2
33
45
24
38
2B
D
19
17
C
2
1
5
6C
67
60
64
57
4D
41
34
3D
25
2F
F
30
21
1F
E
2
63
5D
5A
54
5B
4A
3E
3D
31
22
20
4
7
2
52
51
46
49
39
2A
15
1C
11
2
3C
3D
2E
1E
2
0
0
0
0
0
0
0
0
0
0
0
0
0
0
0
0
0
0
0
0
0
0
0
0
0
0
0
0
0
0
0
0
0
0
0
0
0
0
0
0
0
0
0
0
0
0
0
0
0
0
0
0
0
0
0
0
0
0
0
0
0
0
0
0
0
0
0
0
0
0
0
0
0
0
0
0
0
0
0
0
0
0
0
0
0
0
0
0
0
0
0
0
0
0
0
0
0
0
0
0
0
0
0
0
0
0
0
0
0
0
0
0
0
0
0
