74
73
71
70
6D
69
65
5E
55
5C
53
48
3B
2D
1A
A
2
51
4B
45
38
29
15
1
3F
47
3A
2C
18
2
B
38
32
23
2F
1F
2
6
16
1
3
72
6E
6F
6C
68
62
59
50
44
37
28
14
0
6B
6A
66
5F
56
61
58
4E
42
35
2F
26
1D
10
2
8
5A
4C
51
4F
40
43
36
27
2F
12
1B
9
2
33
45
38
24
2B
D
17
19
C
2
5
1
6C
67
60
64
57
4D
41
34
3D
25
2F
F
30
1F
21
E
2
5D
63
5A
5B
54
4A
3E
31
3D
22
20
4
2
7
51
52
46
49
39
2A
15
1C
11
2
3C
3D
2E
1E
13
0
0
0
0
0
0
0
0
0
0
0
0
0
0
0
0
0
0
0
0
0
0
0
0
0
0
0
0
0
0
0
0
0
0
0
0
0
0
0
0
0
0
0
0
0
0
0
0
0
0
0
0
0
0
0
0
0
0
0
0
0
0
0
0
0
0
0
0
0
0
0
0
0
0
0
0
0
0
0
0
0
0
0
0
0
0
0
0
0
0
0
0
0
0
0
0
0
0
0
0
0
0
0
0
0
0
0
0
0
0
0
0
0
0
0
