74
71
73
70
6D
69
65
5E
5C
55
53
48
3B
2D
1A
A
2
4B
51
45
38
29
15
1
47
3F
3A
2C
18
2
B
38
32
2F
23
1F
2
16
6
3
1
72
6E
6F
6C
68
62
59
50
44
37
28
14
0
6B
6A
66
5F
56
61
58
4E
42
35
2F
26
1D
10
2
8
5A
4C
51
4F
40
43
36
27
2F
1B
12
2
9
33
45
24
38
2B
D
17
19
2
C
1
5
6C
67
60
64
57
4D
41
34
25
3D
2F
30
F
21
1F
E
2
63
5D
5A
54
5B
4A
3E
3D
31
22
4
20
7
2
52
51
49
46
39
2A
15
1C
2
11
3C
3D
2E
1E
13
0
0
0
0
0
0
0
0
0
0
0
0
0
0
0
0
0
0
0
0
0
0
0
0
0
0
0
0
0
0
0
0
0
0
0
0
0
0
0
0
0
0
0
0
0
0
0
0
0
0
0
0
0
0
0
0
0
0
0
0
0
0
0
0
0
0
0
0
0
0
0
0
0
0
0
0
0
0
0
0
0
0
0
0
0
0
0
0
0
0
0
0
0
0
0
0
0
0
0
0
0
0
0
0
0
0
0
0
0
0
0
0
0
0
0
