74
71
73
70
6D
69
65
5E
5C
55
53
48
3B
2D
1A
2
A
51
4B
45
38
29
15
1
3F
47
3A
2C
18
2
B
38
32
2F
23
1F
2
6
16
1
3
72
6E
6F
6C
68
62
59
50
44
37
28
14
0
6A
6B
66
5F
56
61
58
4E
42
35
2F
26
10
1D
2
8
5A
4C
51
40
4F
43
36
27
2F
1B
12
9
2
45
33
38
24
2B
D
19
17
2
C
5
1
6C
67
64
60
57
4D
41
34
3D
25
2F
F
30
1F
21
2
E
63
5D
5A
5B
54
4A
3E
3D
31
22
4
20
2
7
51
52
46
49
39
2A
15
1C
2
11
3D
3C
2E
1E
2
0
0
0
0
0
0
0
0
0
0
0
0
0
0
0
0
0
0
0
0
0
0
0
0
0
0
0
0
0
0
0
0
0
0
0
0
0
0
0
0
0
0
0
0
0
0
0
0
0
0
0
0
0
0
0
0
0
0
0
0
0
0
0
0
0
0
0
0
0
0
0
0
0
0
0
0
0
0
0
0
0
0
0
0
0
0
0
0
0
0
0
0
0
0
0
0
0
0
0
0
0
0
0
0
0
0
0
0
0
0
0
0
0
0
0
