74
73
71
70
6D
69
65
5E
55
5C
53
48
3B
2D
1A
A
2
51
4B
45
38
29
15
1
47
3F
3A
2C
18
2
B
38
32
23
2F
1F
2
16
6
3
1
72
6E
6F
6C
68
62
59
50
44
37
28
14
0
6A
6B
66
5F
61
56
58
4E
42
35
26
2F
1D
10
2
8
4C
5A
51
40
4F
43
36
27
2F
1B
12
9
2
45
33
38
24
2B
D
17
19
C
2
5
1
6C
67
64
60
57
4D
41
34
3D
25
2F
F
30
21
1F
E
2
63
5D
5A
54
5B
4A
3E
3D
31
22
20
4
7
2
51
52
46
49
39
2A
15
1C
2
11
3C
3D
2E
1E
2
0
0
0
0
0
0
0
0
0
0
0
0
0
0
0
0
0
0
0
0
0
0
0
0
0
0
0
0
0
0
0
0
0
0
0
0
0
0
0
0
0
0
0
0
0
0
0
0
0
0
0
0
0
0
0
0
0
0
0
0
0
0
0
0
0
0
0
0
0
0
0
0
0
0
0
0
0
0
0
0
0
0
0
0
0
0
0
0
0
0
0
0
0
0
0
0
0
0
0
0
0
0
0
0
0
0
0
0
0
0
0
0
0
0
0
