74
71
73
70
6D
69
65
5E
55
5C
53
48
3B
2D
1A
2
A
51
4B
45
38
29
15
1
47
3F
3A
2C
18
B
2
38
32
23
2F
1F
2
16
6
3
1
6E
72
6F
6C
68
62
59
50
44
37
28
14
0
6A
6B
66
5F
61
56
58
4E
42
35
2F
26
1D
10
2
8
4C
5A
51
4F
40
43
36
2F
27
1B
12
2
9
33
45
38
24
D
2B
19
17
C
2
1
5
67
6C
60
64
57
4D
41
34
3D
25
2F
F
30
21
1F
2
E
5D
63
5A
54
5B
4A
3E
3D
31
22
4
20
2
7
51
52
49
46
39
2A
1C
15
11
2
3D
3C
2E
1E
13
0
0
0
0
0
0
0
0
0
0
0
0
0
0
0
0
0
0
0
0
0
0
0
0
0
0
0
0
0
0
0
0
0
0
0
0
0
0
0
0
0
0
0
0
0
0
0
0
0
0
0
0
0
0
0
0
0
0
0
0
0
0
0
0
0
0
0
0
0
0
0
0
0
0
0
0
0
0
0
0
0
0
0
0
0
0
0
0
0
0
0
0
0
0
0
0
0
0
0
0
0
0
0
0
0
0
0
0
0
0
0
0
0
0
0
