74
71
73
70
6D
69
65
5E
55
5C
53
48
3B
2D
1A
2
A
4B
51
45
38
29
15
1
47
3F
3A
2C
18
B
2
32
38
23
2F
1F
2
16
6
1
3
72
6E
6F
6C
68
62
59
50
44
37
28
14
0
6B
6A
66
5F
56
61
58
4E
42
35
2F
26
1D
10
2
8
4C
5A
51
4F
40
43
36
27
2F
1B
12
9
2
45
33
24
38
2B
D
19
17
2
C
1
5
67
6C
64
60
57
4D
41
34
3D
25
2F
F
30
1F
21
2
E
5D
63
5A
5B
54
4A
3E
31
3D
22
20
4
7
2
52
51
46
49
39
2A
1C
15
11
2
3C
3D
2E
1E
2
0
0
0
0
0
0
0
0
0
0
0
0
0
0
0
0
0
0
0
0
0
0
0
0
0
0
0
0
0
0
0
0
0
0
0
0
0
0
0
0
0
0
0
0
0
0
0
0
0
0
0
0
0
0
0
0
0
0
0
0
0
0
0
0
0
0
0
0
0
0
0
0
0
0
0
0
0
0
0
0
0
0
0
0
0
0
0
0
0
0
0
0
0
0
0
0
0
0
0
0
0
0
0
0
0
0
0
0
0
0
0
0
0
0
0
