74
73
71
70
6D
69
65
5E
5C
55
53
48
3B
2D
1A
A
2
51
4B
45
38
29
15
1
47
3F
3A
2C
18
2
B
32
38
23
2F
1F
2
6
16
1
3
72
6E
6F
6C
68
62
59
50
44
37
28
14
0
6A
6B
66
5F
61
56
58
4E
42
35
2F
26
10
1D
8
2
4C
5A
51
40
4F
43
36
27
2F
12
1B
9
2
33
45
38
24
D
2B
19
17
2
C
1
5
67
6C
60
64
57
4D
41
34
3D
25
2F
F
30
21
1F
E
2
63
5D
5A
54
5B
4A
3E
3D
31
22
4
20
2
7
52
51
49
46
39
2A
15
1C
2
11
3D
3C
2E
1E
2
0
0
0
0
0
0
0
0
0
0
0
0
0
0
0
0
0
0
0
0
0
0
0
0
0
0
0
0
0
0
0
0
0
0
0
0
0
0
0
0
0
0
0
0
0
0
0
0
0
0
0
0
0
0
0
0
0
0
0
0
0
0
0
0
0
0
0
0
0
0
0
0
0
0
0
0
0
0
0
0
0
0
0
0
0
0
0
0
0
0
0
0
0
0
0
0
0
0
0
0
0
0
0
0
0
0
0
0
0
0
0
0
0
0
0
