74
71
73
70
6D
69
65
5E
55
5C
53
48
3B
2D
1A
2
A
51
4B
45
38
29
15
1
47
3F
3A
2C
18
B
2
32
38
2F
23
1F
2
16
6
1
3
72
6E
6F
6C
68
62
59
50
44
37
28
14
0
6A
6B
66
5F
56
61
58
4E
42
35
26
2F
1D
10
2
8
4C
5A
51
4F
40
43
36
2F
27
12
1B
9
2
33
45
24
38
2B
D
19
17
2
C
5
1
6C
67
64
60
57
4D
41
34
25
3D
2F
30
F
21
1F
2
E
5D
63
5A
5B
54
4A
3E
31
3D
22
20
4
7
2
51
52
49
46
39
2A
1C
15
11
2
3D
3C
2E
1E
13
0
0
0
0
0
0
0
0
0
0
0
0
0
0
0
0
0
0
0
0
0
0
0
0
0
0
0
0
0
0
0
0
0
0
0
0
0
0
0
0
0
0
0
0
0
0
0
0
0
0
0
0
0
0
0
0
0
0
0
0
0
0
0
0
0
0
0
0
0
0
0
0
0
0
0
0
0
0
0
0
0
0
0
0
0
0
0
0
0
0
0
0
0
0
0
0
0
0
0
0
0
0
0
0
0
0
0
0
0
0
0
0
0
0
0
