74
71
73
70
6D
69
65
5E
5C
55
53
48
3B
2D
1A
2
A
4B
51
45
38
29
15
1
47
3F
3A
2C
18
B
2
32
38
2F
23
1F
2
6
16
3
1
72
6E
6F
6C
68
62
59
50
44
37
28
14
0
6B
6A
66
5F
56
61
58
4E
42
35
26
2F
10
1D
2
8
4C
5A
51
4F
40
43
36
27
2F
12
1B
9
2
45
33
38
24
2B
D
17
19
2
C
5
1
67
6C
60
64
57
4D
41
34
3D
25
2F
30
F
21
1F
2
E
63
5D
5A
5B
54
4A
3E
31
3D
22
4
20
2
7
51
52
46
49
39
2A
1C
15
11
2
3D
3C
2E
1E
13
0
0
0
0
0
0
0
0
0
0
0
0
0
0
0
0
0
0
0
0
0
0
0
0
0
0
0
0
0
0
0
0
0
0
0
0
0
0
0
0
0
0
0
0
0
0
0
0
0
0
0
0
0
0
0
0
0
0
0
0
0
0
0
0
0
0
0
0
0
0
0
0
0
0
0
0
0
0
0
0
0
0
0
0
0
0
0
0
0
0
0
0
0
0
0
0
0
0
0
0
0
0
0
0
0
0
0
0
0
0
0
0
0
0
0
