74
73
71
70
6D
69
65
5E
5C
55
53
48
3B
2D
1A
A
2
4B
51
45
38
29
15
1
3F
47
3A
2C
18
2
B
38
32
2F
23
1F
2
16
6
1
3
72
6E
6F
6C
68
62
59
50
44
37
28
14
0
6B
6A
66
5F
61
56
58
4E
42
35
26
2F
1D
10
8
2
5A
4C
51
4F
40
43
36
2F
27
12
1B
2
9
33
45
24
38
2B
D
17
19
2
C
5
1
6C
67
60
64
57
4D
41
34
25
3D
2F
30
F
21
1F
E
2
5D
63
5A
5B
54
4A
3E
31
3D
22
20
4
2
7
51
52
49
46
39
2A
1C
15
11
2
3D
3C
2E
1E
2
0
0
0
0
0
0
0
0
0
0
0
0
0
0
0
0
0
0
0
0
0
0
0
0
0
0
0
0
0
0
0
0
0
0
0
0
0
0
0
0
0
0
0
0
0
0
0
0
0
0
0
0
0
0
0
0
0
0
0
0
0
0
0
0
0
0
0
0
0
0
0
0
0
0
0
0
0
0
0
0
0
0
0
0
0
0
0
0
0
0
0
0
0
0
0
0
0
0
0
0
0
0
0
0
0
0
0
0
0
0
0
0
0
0
0
