74
71
73
70
6D
69
65
5E
55
5C
53
48
3B
2D
1A
2
A
51
4B
45
38
29
15
1
3F
47
3A
2C
18
2
B
38
32
23
2F
1F
2
6
16
3
1
6E
72
6F
6C
68
62
59
50
44
37
28
14
0
6A
6B
66
5F
61
56
58
4E
42
35
2F
26
10
1D
2
8
4C
5A
51
4F
40
43
36
27
2F
1B
12
9
2
45
33
38
24
D
2B
17
19
C
2
5
1
6C
67
60
64
57
4D
41
34
3D
25
2F
30
F
21
1F
E
2
63
5D
5A
54
5B
4A
3E
3D
31
22
20
4
7
2
51
52
49
46
39
2A
1C
15
2
11
3D
3C
2E
1E
2
0
0
0
0
0
0
0
0
0
0
0
0
0
0
0
0
0
0
0
0
0
0
0
0
0
0
0
0
0
0
0
0
0
0
0
0
0
0
0
0
0
0
0
0
0
0
0
0
0
0
0
0
0
0
0
0
0
0
0
0
0
0
0
0
0
0
0
0
0
0
0
0
0
0
0
0
0
0
0
0
0
0
0
0
0
0
0
0
0
0
0
0
0
0
0
0
0
0
0
0
0
0
0
0
0
0
0
0
0
0
0
0
0
0
0
