74
73
71
70
6D
69
65
5E
5C
55
53
48
3B
2D
1A
A
2
51
4B
45
38
29
15
1
3F
47
3A
2C
18
2
B
38
32
23
2F
1F
2
16
6
3
1
72
6E
6F
6C
68
62
59
50
44
37
28
14
0
6B
6A
66
5F
61
56
58
4E
42
35
26
2F
1D
10
2
8
4C
5A
51
4F
40
43
36
27
2F
1B
12
2
9
33
45
38
24
D
2B
19
17
2
C
5
1
67
6C
64
60
57
4D
41
34
3D
25
2F
F
30
1F
21
E
2
63
5D
5A
54
5B
4A
3E
3D
31
22
4
20
2
7
51
52
49
46
39
2A
1C
15
11
2
3D
3C
2E
1E
13
0
0
0
0
0
0
0
0
0
0
0
0
0
0
0
0
0
0
0
0
0
0
0
0
0
0
0
0
0
0
0
0
0
0
0
0
0
0
0
0
0
0
0
0
0
0
0
0
0
0
0
0
0
0
0
0
0
0
0
0
0
0
0
0
0
0
0
0
0
0
0
0
0
0
0
0
0
0
0
0
0
0
0
0
0
0
0
0
0
0
0
0
0
0
0
0
0
0
0
0
0
0
0
0
0
0
0
0
0
0
0
0
0
0
0
