74
73
71
70
6D
69
65
5E
55
5C
53
48
3B
2D
1A
2
A
4B
51
45
38
29
15
1
3F
47
3A
2C
18
2
B
32
38
2F
23
1F
2
16
6
3
1
72
6E
6F
6C
68
62
59
50
44
37
28
14
0
6B
6A
66
5F
56
61
58
4E
42
35
2F
26
10
1D
8
2
5A
4C
51
40
4F
43
36
2F
27
12
1B
2
9
33
45
38
24
D
2B
17
19
C
2
1
5
67
6C
60
64
57
4D
41
34
25
3D
2F
F
30
1F
21
2
E
63
5D
5A
54
5B
4A
3E
3D
31
22
4
20
2
7
52
51
46
49
39
2A
15
1C
2
11
3C
3D
2E
1E
13
0
0
0
0
0
0
0
0
0
0
0
0
0
0
0
0
0
0
0
0
0
0
0
0
0
0
0
0
0
0
0
0
0
0
0
0
0
0
0
0
0
0
0
0
0
0
0
0
0
0
0
0
0
0
0
0
0
0
0
0
0
0
0
0
0
0
0
0
0
0
0
0
0
0
0
0
0
0
0
0
0
0
0
0
0
0
0
0
0
0
0
0
0
0
0
0
0
0
0
0
0
0
0
0
0
0
0
0
0
0
0
0
0
0
0
