74
71
73
70
6D
69
65
5E
55
5C
53
48
3B
2D
1A
A
2
4B
51
45
38
29
15
1
47
3F
3A
2C
18
2
B
38
32
23
2F
1F
2
16
6
3
1
72
6E
6F
6C
68
62
59
50
44
37
28
14
0
6A
6B
66
5F
61
56
58
4E
42
35
26
2F
10
1D
2
8
4C
5A
51
4F
40
43
36
2F
27
12
1B
2
9
33
45
38
24
2B
D
19
17
C
2
5
1
6C
67
60
64
57
4D
41
34
25
3D
2F
30
F
1F
21
E
2
63
5D
5A
5B
54
4A
3E
3D
31
22
4
20
7
2
51
52
46
49
39
2A
15
1C
11
2
3D
3C
2E
1E
2
0
0
0
0
0
0
0
0
0
0
0
0
0
0
0
0
0
0
0
0
0
0
0
0
0
0
0
0
0
0
0
0
0
0
0
0
0
0
0
0
0
0
0
0
0
0
0
0
0
0
0
0
0
0
0
0
0
0
0
0
0
0
0
0
0
0
0
0
0
0
0
0
0
0
0
0
0
0
0
0
0
0
0
0
0
0
0
0
0
0
0
0
0
0
0
0
0
0
0
0
0
0
0
0
0
0
0
0
0
0
0
0
0
0
0
