74
71
73
70
6D
69
65
5E
55
5C
53
48
3B
2D
1A
A
2
4B
51
45
38
29
15
1
47
3F
3A
2C
18
B
2
38
32
23
2F
1F
2
6
16
3
1
6E
72
6F
6C
68
62
59
50
44
37
28
14
0
6B
6A
66
5F
61
56
58
4E
42
35
2F
26
10
1D
8
2
4C
5A
51
40
4F
43
36
2F
27
12
1B
9
2
33
45
38
24
2B
D
19
17
2
C
1
5
67
6C
64
60
57
4D
41
34
3D
25
2F
F
30
1F
21
E
2
63
5D
5A
54
5B
4A
3E
3D
31
22
20
4
7
2
51
52
46
49
39
2A
1C
15
2
11
3C
3D
2E
1E
2
0
0
0
0
0
0
0
0
0
0
0
0
0
0
0
0
0
0
0
0
0
0
0
0
0
0
0
0
0
0
0
0
0
0
0
0
0
0
0
0
0
0
0
0
0
0
0
0
0
0
0
0
0
0
0
0
0
0
0
0
0
0
0
0
0
0
0
0
0
0
0
0
0
0
0
0
0
0
0
0
0
0
0
0
0
0
0
0
0
0
0
0
0
0
0
0
0
0
0
0
0
0
0
0
0
0
0
0
0
0
0
0
0
0
0
