74
73
71
70
6D
69
65
5E
55
5C
53
48
3B
2D
1A
A
2
4B
51
45
38
29
15
1
3F
47
3A
2C
18
B
2
32
38
23
2F
1F
2
6
16
3
1
6E
72
6F
6C
68
62
59
50
44
37
28
14
0
6A
6B
66
5F
61
56
58
4E
42
35
26
2F
10
1D
8
2
5A
4C
51
4F
40
43
36
2F
27
1B
12
9
2
33
45
38
24
D
2B
19
17
C
2
5
1
67
6C
64
60
57
4D
41
34
3D
25
2F
30
F
21
1F
E
2
63
5D
5A
5B
54
4A
3E
3D
31
22
20
4
7
2
52
51
49
46
39
2A
1C
15
11
2
3D
3C
2E
1E
2
0
0
0
0
0
0
0
0
0
0
0
0
0
0
0
0
0
0
0
0
0
0
0
0
0
0
0
0
0
0
0
0
0
0
0
0
0
0
0
0
0
0
0
0
0
0
0
0
0
0
0
0
0
0
0
0
0
0
0
0
0
0
0
0
0
0
0
0
0
0
0
0
0
0
0
0
0
0
0
0
0
0
0
0
0
0
0
0
0
0
0
0
0
0
0
0
0
0
0
0
0
0
0
0
0
0
0
0
0
0
0
0
0
0
0
