74
71
73
70
6D
69
65
5E
5C
55
53
48
3B
2D
1A
2
A
51
4B
45
38
29
15
1
47
3F
3A
2C
18
B
2
38
32
2F
23
1F
2
16
6
1
3
72
6E
6F
6C
68
62
59
50
44
37
28
14
0
6A
6B
66
5F
61
56
58
4E
42
35
26
2F
1D
10
2
8
4C
5A
51
4F
40
43
36
27
2F
1B
12
9
2
45
33
24
38
D
2B
17
19
2
C
5
1
6C
67
60
64
57
4D
41
34
3D
25
2F
F
30
21
1F
2
E
63
5D
5A
5B
54
4A
3E
3D
31
22
20
4
7
2
51
52
46
49
39
2A
1C
15
2
11
3D
3C
2E
1E
2
0
0
0
0
0
0
0
0
0
0
0
0
0
0
0
0
0
0
0
0
0
0
0
0
0
0
0
0
0
0
0
0
0
0
0
0
0
0
0
0
0
0
0
0
0
0
0
0
0
0
0
0
0
0
0
0
0
0
0
0
0
0
0
0
0
0
0
0
0
0
0
0
0
0
0
0
0
0
0
0
0
0
0
0
0
0
0
0
0
0
0
0
0
0
0
0
0
0
0
0
0
0
0
0
0
0
0
0
0
0
0
0
0
0
0
