74
71
73
70
6D
69
65
5E
55
5C
53
48
3B
2D
1A
A
2
51
4B
45
38
29
15
1
47
3F
3A
2C
18
B
2
38
32
2F
23
1F
2
16
6
3
1
72
6E
6F
6C
68
62
59
50
44
37
28
14
0
6B
6A
66
5F
61
56
58
4E
42
35
26
2F
10
1D
8
2
4C
5A
51
4F
40
43
36
2F
27
1B
12
2
9
45
33
38
24
2B
D
17
19
C
2
1
5
6C
67
60
64
57
4D
41
34
3D
25
2F
30
F
1F
21
E
2
5D
63
5A
54
5B
4A
3E
31
3D
22
4
20
7
2
51
52
49
46
39
2A
15
1C
2
11
3D
3C
2E
1E
2
0
0
0
0
0
0
0
0
0
0
0
0
0
0
0
0
0
0
0
0
0
0
0
0
0
0
0
0
0
0
0
0
0
0
0
0
0
0
0
0
0
0
0
0
0
0
0
0
0
0
0
0
0
0
0
0
0
0
0
0
0
0
0
0
0
0
0
0
0
0
0
0
0
0
0
0
0
0
0
0
0
0
0
0
0
0
0
0
0
0
0
0
0
0
0
0
0
0
0
0
0
0
0
0
0
0
0
0
0
0
0
0
0
0
0
