75
74
74
73
70
6D
69
65
5E
5E
5C
53
48
3B
2D
1A
1A
55
55
51
45
38
29
15
4B
4B
47
3A
2C
18
18
3F
3F
32
32
2F
1F
23
23
16
16
71
71
72
6F
6C
68
62
59
50
44
37
28
14
6E
6E
6A
66
5F
5F
61
58
4E
42
35
35
26
26
1D
1D
56
56
5A
4C
4C
4F
43
36
36
27
27
1B
1B
40
40
33
33
24
24
2B
2B
19
19
17
17
6B
6B
67
67
60
57
4D
41
34
34
3D
25
25
30
30
21
21
64
64
63
5D
5D
54
4A
3E
3E
31
22
22
20
20
5B
5B
52
52
46
39
2A
2A
1C
1C
49
49
3C
2E
1E
0
0
0
0
0
0
0
0
0
0
0
0
0
0
0
0
0
0
0
0
0
0
0
0
0
0
0
0
0
0
0
0
0
0
0
0
0
0
0
0
0
0
0
0
0
0
0
0
0
0
0
0
0
0
0
0
0
0
0
0
0
0
0
0
0
0
0
0
0
0
0
0
0
0
0
0
0
0
0
0
0
0
0
0
0
0
0
0
0
0
0
0
0
0
0
0
0
0
0
0
0
0
0
0
0
0
0
0
0
0
0
0
0
0
0
