74
73
71
70
6D
69
65
5E
55
5C
53
48
3B
2D
1A
A
2
51
4B
45
38
29
15
1
47
3F
3A
2C
18
2
B
32
38
2F
23
1F
2
6
16
3
1
6E
72
6F
6C
68
62
59
50
44
37
28
14
0
6B
6A
66
5F
56
61
58
4E
42
35
26
2F
1D
10
8
2
5A
4C
51
4F
40
43
36
27
2F
1B
12
2
9
45
33
38
24
D
2B
17
19
2
C
1
5
67
6C
64
60
57
4D
41
34
3D
25
2F
F
30
21
1F
E
2
63
5D
5A
5B
54
4A
3E
31
3D
22
20
4
7
2
51
52
49
46
39
2A
15
1C
2
11
3D
3C
2E
1E
2
0
0
0
0
0
0
0
0
0
0
0
0
0
0
0
0
0
0
0
0
0
0
0
0
0
0
0
0
0
0
0
0
0
0
0
0
0
0
0
0
0
0
0
0
0
0
0
0
0
0
0
0
0
0
0
0
0
0
0
0
0
0
0
0
0
0
0
0
0
0
0
0
0
0
0
0
0
0
0
0
0
0
0
0
0
0
0
0
0
0
0
0
0
0
0
0
0
0
0
0
0
0
0
0
0
0
0
0
0
0
0
0
0
0
0
