74
73
71
70
6D
69
65
5E
5C
55
53
48
3B
2D
1A
2
A
4B
51
45
38
29
15
1
3F
47
3A
2C
18
2
B
38
32
23
2F
1F
2
6
16
1
3
6E
72
6F
6C
68
62
59
50
44
37
28
14
0
6A
6B
66
5F
56
61
58
4E
42
35
26
2F
1D
10
2
8
4C
5A
51
4F
40
43
36
27
2F
12
1B
9
2
33
45
24
38
D
2B
17
19
C
2
5
1
6C
67
60
64
57
4D
41
34
25
3D
2F
F
30
21
1F
E
2
63
5D
5A
5B
54
4A
3E
31
3D
22
20
4
7
2
51
52
46
49
39
2A
1C
15
2
11
3D
3C
2E
1E
13
0
0
0
0
0
0
0
0
0
0
0
0
0
0
0
0
0
0
0
0
0
0
0
0
0
0
0
0
0
0
0
0
0
0
0
0
0
0
0
0
0
0
0
0
0
0
0
0
0
0
0
0
0
0
0
0
0
0
0
0
0
0
0
0
0
0
0
0
0
0
0
0
0
0
0
0
0
0
0
0
0
0
0
0
0
0
0
0
0
0
0
0
0
0
0
0
0
0
0
0
0
0
0
0
0
0
0
0
0
0
0
0
0
0
0
