74
73
71
70
6D
69
65
5E
5C
55
53
48
3B
2D
1A
2
A
4B
51
45
38
29
15
1
47
3F
3A
2C
18
B
2
32
38
2F
23
1F
2
6
16
3
1
72
6E
6F
6C
68
62
59
50
44
37
28
14
0
6A
6B
66
5F
61
56
58
4E
42
35
26
2F
10
1D
8
2
5A
4C
51
40
4F
43
36
2F
27
12
1B
9
2
33
45
38
24
2B
D
17
19
2
C
5
1
67
6C
64
60
57
4D
41
34
25
3D
2F
30
F
1F
21
2
E
5D
63
5A
5B
54
4A
3E
31
3D
22
4
20
2
7
52
51
46
49
39
2A
15
1C
2
11
3C
3D
2E
1E
13
0
0
0
0
0
0
0
0
0
0
0
0
0
0
0
0
0
0
0
0
0
0
0
0
0
0
0
0
0
0
0
0
0
0
0
0
0
0
0
0
0
0
0
0
0
0
0
0
0
0
0
0
0
0
0
0
0
0
0
0
0
0
0
0
0
0
0
0
0
0
0
0
0
0
0
0
0
0
0
0
0
0
0
0
0
0
0
0
0
0
0
0
0
0
0
0
0
0
0
0
0
0
0
0
0
0
0
0
0
0
0
0
0
0
0
