74
71
73
70
6D
69
65
5E
5C
55
53
48
3B
2D
1A
2
A
51
4B
45
38
29
15
1
47
3F
3A
2C
18
B
2
38
32
23
2F
1F
2
16
6
1
3
6E
72
6F
6C
68
62
59
50
44
37
28
14
0
6B
6A
66
5F
61
56
58
4E
42
35
2F
26
10
1D
8
2
5A
4C
51
40
4F
43
36
27
2F
12
1B
2
9
45
33
38
24
2B
D
19
17
C
2
1
5
6C
67
64
60
57
4D
41
34
3D
25
2F
30
F
21
1F
E
2
63
5D
5A
54
5B
4A
3E
31
3D
22
4
20
7
2
52
51
49
46
39
2A
1C
15
2
11
3C
3D
2E
1E
2
0
0
0
0
0
0
0
0
0
0
0
0
0
0
0
0
0
0
0
0
0
0
0
0
0
0
0
0
0
0
0
0
0
0
0
0
0
0
0
0
0
0
0
0
0
0
0
0
0
0
0
0
0
0
0
0
0
0
0
0
0
0
0
0
0
0
0
0
0
0
0
0
0
0
0
0
0
0
0
0
0
0
0
0
0
0
0
0
0
0
0
0
0
0
0
0
0
0
0
0
0
0
0
0
0
0
0
0
0
0
0
0
0
0
0
