82 96

5 29
13 32
16 34
3 19
11 25
12 26
14 27
7 31
1 21
1 19
1 18
1 20
9 23
0 17
10 24
15 33
8 20
2 21
2 26
2 24
2 23
2 22
2 25
2 27
4 28
6 30
29 42
32 45
34 47
19 31
25 34
26 33
27 39
31 44
18 37
18 36
20 32
21 37
23 40
17 35
24 29
33 46
22 38
22 39
28 41
30 43
42 52
45 54
47 30
39 50
44 41
36 49
37 42
40 28
35 48
46 55
38 47
38 45
41 51
43 53
52 59
54 61
50 58
49 52
49 57
48 56
55 59
51 53
53 60
59 64
61 66
58 63
57 51
56 62
60 65
64 60
66 70
63 68
62 64
62 67
65 69
70 74
68 72
67 71
69 73
74 69
72 76
71 75
71 65
73 77
76 79
75 78
77 80
79 81
78 73
81 77
