82 96

8 20
14 27
9 23
2 25
2 26
2 24
2 27
2 22
2 21
2 23
3 19
4 28
1 21
1 18
1 20
1 19
16 34
10 24
11 25
15 33
5 29
13 32
7 31
0 17
12 26
6 30
20 32
27 39
23 40
21 37
22 39
22 38
24 29
25 34
26 33
19 31
28 41
18 36
18 37
34 47
33 46
29 42
32 45
31 44
17 35
30 43
39 50
40 28
37 42
38 45
38 47
41 51
36 49
47 30
46 55
42 52
45 54
44 41
35 48
43 53
50 58
51 53
49 52
49 57
55 59
52 59
54 61
48 56
53 60
58 63
57 51
59 64
61 66
56 62
60 65
63 68
64 60
66 70
62 67
62 64
65 69
68 72
70 74
67 71
69 73
72 76
74 69
71 75
71 65
73 77
76 79
75 78
77 80
79 81
78 73
81 77
