82 96

11 25
14 27
15 33
3 19
0 17
7 31
6 30
13 32
10 24
16 34
1 21
1 20
1 19
1 18
12 26
5 29
8 20
2 25
2 22
2 24
2 21
2 26
2 27
2 23
4 28
9 23
25 34
27 39
33 46
19 31
17 35
31 44
30 43
32 45
24 29
34 47
18 36
18 37
20 32
21 37
26 33
29 42
22 38
22 39
23 40
28 41
39 50
46 55
35 48
44 41
43 53
45 54
47 30
36 49
37 42
42 52
38 45
38 47
40 28
41 51
50 58
55 59
48 56
53 60
54 61
49 52
49 57
52 59
51 53
58 63
59 64
56 62
60 65
61 66
57 51
63 68
64 60
62 64
62 67
65 69
66 70
68 72
67 71
69 73
70 74
72 76
71 75
71 65
73 77
74 69
76 79
75 78
77 80
79 81
78 73
81 77
