82 96

8 20
10 24
2 21
2 24
2 22
2 25
2 26
2 27
2 23
4 28
0 17
7 31
11 25
6 30
13 32
1 19
1 18
1 21
1 20
16 34
14 27
12 26
9 23
3 19
5 29
15 33
20 32
24 29
21 37
22 38
22 39
23 40
25 34
26 33
27 39
28 41
17 35
31 44
30 43
32 45
18 37
18 36
19 31
34 47
29 42
33 46
37 42
38 45
38 47
39 50
40 28
41 51
35 48
44 41
43 53
45 54
36 49
47 30
42 52
46 55
50 58
51 53
48 56
53 60
54 61
49 52
49 57
52 59
55 59
58 63
56 62
60 65
61 66
57 51
59 64
63 68
62 67
62 64
65 69
66 70
64 60
68 72
67 71
69 73
70 74
72 76
71 75
71 65
73 77
74 69
76 79
75 78
77 80
79 81
78 73
81 77
