82 96

2 21
2 26
2 27
2 25
2 24
2 23
2 22
13 32
11 25
9 23
6 30
12 26
1 18
1 21
1 19
1 20
7 31
15 33
3 19
10 24
16 34
4 28
8 20
5 29
0 17
14 27
21 37
22 39
22 38
23 40
24 29
25 34
26 33
27 39
32 45
30 43
18 36
18 37
19 31
20 32
31 44
33 46
34 47
28 41
29 42
17 35
37 42
38 47
38 45
39 50
40 28
45 54
43 53
36 49
44 41
46 55
47 30
41 51
42 52
35 48
50 58
54 61
53 60
49 57
49 52
55 59
51 53
52 59
48 56
58 63
61 66
60 65
57 51
59 64
56 62
63 68
66 70
65 69
64 60
62 67
62 64
68 72
70 74
69 73
67 71
72 76
74 69
73 77
71 75
71 65
76 79
77 80
75 78
79 81
78 73
81 77
