82 96

10 24
9 23
6 30
12 26
4 28
5 29
7 31
3 19
0 17
2 22
2 25
2 23
2 27
2 21
2 26
2 24
14 27
8 20
15 33
11 25
13 32
1 18
1 20
1 19
1 21
16 34
24 29
23 40
30 43
26 33
28 41
29 42
31 44
19 31
17 35
21 37
22 39
22 38
25 34
27 39
20 32
33 46
32 45
18 36
18 37
34 47
40 28
43 53
41 51
42 52
44 41
35 48
37 42
38 45
38 47
39 50
46 55
45 54
36 49
47 30
53 60
51 53
52 59
48 56
50 58
55 59
54 61
49 57
49 52
60 65
59 64
56 62
58 63
61 66
57 51
65 69
64 60
62 64
62 67
63 68
66 70
69 73
67 71
68 72
70 74
73 77
71 65
71 75
72 76
74 69
77 80
75 78
76 79
78 73
79 81
81 77
