82 96

5 29
8 20
13 32
2 25
2 24
2 21
2 26
2 22
2 27
2 23
1 18
1 21
1 20
1 19
6 30
12 26
7 31
3 19
11 25
14 27
15 33
0 17
4 28
10 24
16 34
9 23
29 42
20 32
32 45
21 37
22 39
22 38
23 40
24 29
25 34
26 33
27 39
18 36
18 37
19 31
30 43
31 44
33 46
17 35
28 41
34 47
42 52
45 54
37 42
38 47
38 45
39 50
40 28
36 49
43 53
44 41
46 55
35 48
41 51
47 30
52 59
54 61
50 58
49 57
49 52
53 60
55 59
48 56
51 53
59 64
61 66
58 63
57 51
60 65
56 62
64 60
66 70
63 68
65 69
62 67
62 64
70 74
68 72
69 73
67 71
74 69
72 76
73 77
71 65
71 75
76 79
77 80
75 78
79 81
78 73
81 77
