82 96

15 33
5 29
2 23
2 22
2 21
2 26
2 27
2 24
2 25
13 32
16 34
8 20
1 19
1 18
1 21
1 20
12 26
7 31
6 30
9 23
11 25
0 17
10 24
4 28
3 19
14 27
33 46
29 42
21 37
22 38
22 39
23 40
24 29
25 34
26 33
27 39
32 45
34 47
20 32
18 36
18 37
19 31
31 44
30 43
17 35
28 41
46 55
42 52
37 42
38 47
38 45
39 50
40 28
45 54
47 30
36 49
44 41
43 53
35 48
41 51
55 59
52 59
50 58
54 61
49 52
49 57
53 60
48 56
51 53
59 64
58 63
61 66
57 51
60 65
56 62
64 60
63 68
66 70
65 69
62 64
62 67
68 72
70 74
69 73
67 71
72 76
74 69
73 77
71 65
71 75
76 79
77 80
75 78
79 81
78 73
81 77
