82 96

4 28
8 20
2 23
2 27
2 24
2 21
2 26
2 25
2 22
11 25
16 34
15 33
3 19
10 24
12 26
6 30
5 29
13 32
1 18
1 19
1 20
1 21
14 27
9 23
7 31
0 17
28 41
20 32
21 37
22 39
22 38
23 40
24 29
25 34
26 33
27 39
34 47
33 46
19 31
30 43
29 42
32 45
18 36
18 37
31 44
17 35
41 51
37 42
38 47
38 45
39 50
40 28
47 30
46 55
43 53
42 52
45 54
36 49
44 41
35 48
51 53
50 58
55 59
53 60
52 59
54 61
49 52
49 57
48 56
58 63
59 64
60 65
61 66
57 51
56 62
63 68
64 60
65 69
66 70
62 67
62 64
68 72
69 73
70 74
67 71
72 76
73 77
74 69
71 75
71 65
76 79
77 80
75 78
79 81
78 73
81 77
