82 96

0 17
9 23
4 28
2 25
2 21
2 26
2 24
2 23
2 22
2 27
1 18
1 19
1 21
1 20
6 30
11 25
7 31
5 29
3 19
8 20
13 32
15 33
16 34
14 27
10 24
12 26
17 35
23 40
28 41
21 37
22 39
22 38
24 29
25 34
26 33
27 39
18 36
18 37
19 31
20 32
30 43
31 44
29 42
32 45
33 46
34 47
35 48
40 28
41 51
37 42
38 47
38 45
39 50
36 49
43 53
44 41
42 52
45 54
46 55
47 30
48 56
51 53
50 58
49 52
49 57
53 60
52 59
54 61
55 59
56 62
58 63
57 51
60 65
59 64
61 66
62 67
62 64
63 68
65 69
64 60
66 70
67 71
68 72
69 73
70 74
71 75
71 65
72 76
73 77
74 69
75 78
76 79
77 80
78 73
79 81
81 77
