72 88

71 70
70 68
70 69
68 67
68 65
67 64
67 63
64 58
64 59
59 52
59 53
52 41
52 40
40 23
40 24
23 6
23 5
24 5
41 25
25 5
53 42
42 26
26 5
58 50
50 37
50 39
39 22
39 21
21 3
21 7
22 5
22 19
19 1
37 18
18 5
18 1
63 60
63 57
57 49
57 51
51 44
51 38
38 29
38 20
20 2
20 9
29 5
44 28
28 5
49 35
35 16
16 1
60 54
54 43
43 27
27 5
65 61
61 55
55 45
55 48
45 30
45 36
30 22
30 10
10 8
10 0
36 17
17 1
48 34
34 15
15 1
69 66
66 62
62 56
56 46
56 47
46 31
46 33
31 11
31 13
11 1
11 4
13 1
33 14
14 1
47 32
32 12
12 1
