72 88

9 20
4 11
3 21
5 23
5 25
5 18
5 28
5 27
5 22
5 26
5 29
5 24
1 18
1 16
1 19
1 14
1 15
1 12
1 11
1 17
1 13
8 10
2 20
7 21
6 23
0 10
20 38
11 31
21 39
18 37
22 39
22 30
23 40
24 40
25 41
26 42
27 43
28 44
29 38
12 32
13 31
14 33
15 34
16 35
17 36
19 22
10 30
38 51
31 46
39 50
37 50
30 45
40 52
41 52
42 53
43 54
44 51
32 47
33 46
34 48
35 49
36 45
51 57
46 56
50 58
45 55
52 59
53 59
54 60
47 56
48 55
49 57
57 63
56 62
58 64
55 61
59 64
60 63
63 67
62 66
64 67
61 65
67 68
66 69
65 68
68 70
69 70
70 71
