72 88

6 23
9 20
8 10
4 11
5 26
5 18
5 25
5 28
5 24
5 29
5 23
5 27
5 22
0 10
7 21
2 20
3 21
1 19
1 11
1 17
1 13
1 18
1 16
1 14
1 15
1 12
23 40
20 38
10 30
11 31
18 37
22 39
22 30
24 40
25 41
26 42
27 43
28 44
29 38
21 39
12 32
13 31
14 33
15 34
16 35
17 36
19 22
40 52
38 51
30 45
31 46
37 50
39 50
41 52
42 53
43 54
44 51
32 47
33 46
34 48
35 49
36 45
52 59
51 57
45 55
46 56
50 58
53 59
54 60
47 56
48 55
49 57
59 64
57 63
55 61
56 62
58 64
60 63
64 67
63 67
61 65
62 66
67 68
65 68
66 69
68 70
69 70
70 71
