82 96

1 19
1 21
1 18
1 20
10 24
13 32
5 29
4 28
7 31
3 19
9 23
0 17
15 33
2 22
2 24
2 23
2 25
2 26
2 21
2 27
6 30
12 26
16 34
11 25
14 27
8 20
18 37
18 36
19 31
20 32
21 37
24 29
32 45
29 42
28 41
31 44
23 40
17 35
33 46
22 38
22 39
25 34
26 33
27 39
30 43
34 47
36 49
37 42
45 54
42 52
41 51
44 41
40 28
35 48
46 55
38 45
38 47
39 50
43 53
47 30
49 52
49 57
54 61
52 59
51 53
48 56
55 59
50 58
53 60
57 51
61 66
59 64
56 62
58 63
60 65
66 70
64 60
62 67
62 64
63 68
65 69
70 74
67 71
68 72
69 73
74 69
71 75
71 65
72 76
73 77
75 78
76 79
77 80
78 73
79 81
81 77
