82 96

5 29
2 21
2 22
2 23
2 24
2 25
2 26
2 27
6 30
8 20
4 28
9 23
1 18
1 20
1 19
1 21
0 17
16 34
11 25
7 31
13 32
10 24
12 26
15 33
14 27
3 19
29 42
21 37
22 38
22 39
23 40
24 29
25 34
26 33
27 39
30 43
20 32
28 41
18 36
18 37
19 31
17 35
34 47
31 44
32 45
33 46
42 52
37 42
38 47
38 45
39 50
40 28
43 53
41 51
36 49
35 48
47 30
44 41
45 54
46 55
52 59
50 58
53 60
51 53
49 52
49 57
48 56
54 61
55 59
59 64
58 63
60 65
57 51
56 62
61 66
64 60
63 68
65 69
62 64
62 67
66 70
68 72
69 73
67 71
70 74
72 76
73 77
71 65
71 75
74 69
76 79
77 80
75 78
79 81
78 73
81 77
