82 96

1 19
1 18
1 20
1 21
14 27
2 26
2 24
2 23
2 27
2 25
2 22
2 21
10 24
9 23
15 33
4 28
11 25
0 17
16 34
3 19
13 32
8 20
6 30
12 26
5 29
7 31
18 36
18 37
19 31
20 32
21 37
27 39
22 38
22 39
23 40
24 29
25 34
26 33
33 46
28 41
17 35
34 47
32 45
30 43
29 42
31 44
36 49
37 42
39 50
38 47
38 45
40 28
46 55
41 51
35 48
47 30
45 54
43 53
42 52
44 41
49 52
49 57
50 58
55 59
51 53
48 56
54 61
53 60
52 59
57 51
58 63
59 64
56 62
61 66
60 65
63 68
64 60
62 67
62 64
66 70
65 69
68 72
67 71
70 74
69 73
72 76
71 65
71 75
74 69
73 77
76 79
75 78
77 80
79 81
78 73
81 77
