74
71
73
70
6D
69
65
5E
5C
55
53
48
3B
2D
1A
A
2
51
4B
45
38
29
15
1
3F
47
3A
2C
18
B
2
32
38
2F
23
1F
2
6
16
1
3
6E
72
6F
6C
68
62
59
50
44
37
28
14
0
6A
6B
66
5F
56
61
58
4E
42
35
26
2F
1D
10
2
8
4C
5A
51
4F
40
43
36
2F
27
1B
12
9
2
45
33
24
38
2B
D
19
17
C
2
1
5
67
6C
60
64
57
4D
41
34
25
3D
2F
F
30
21
1F
E
2
5D
63
5A
54
5B
4A
3E
31
3D
22
20
4
2
7
51
52
49
46
39
2A
15
1C
2
11
3D
3C
2E
1E
2
0
0
0
0
0
0
0
0
0
0
0
0
0
0
0
0
0
0
0
0
0
0
0
0
0
0
0
0
0
0
0
0
0
0
0
0
0
0
0
0
0
0
0
0
0
0
0
0
0
0
0
0
0
0
0
0
0
0
0
0
0
0
0
0
0
0
0
0
0
0
0
0
0
0
0
0
0
0
0
0
0
0
0
0
0
0
0
0
0
0
0
0
0
0
0
0
0
0
0
0
0
0
0
0
0
0
0
0
0
0
0
0
0
0
0
