74
73
71
70
6D
69
65
5E
55
5C
53
48
3B
2D
1A
A
2
4B
51
45
38
29
15
1
3F
47
3A
2C
18
2
B
38
32
2F
23
1F
2
6
16
3
1
6E
72
6F
6C
68
62
59
50
44
37
28
14
0
6B
6A
66
5F
61
56
58
4E
42
35
26
2F
10
1D
2
8
5A
4C
51
40
4F
43
36
2F
27
12
1B
2
9
33
45
38
24
2B
D
19
17
2
C
5
1
67
6C
64
60
57
4D
41
34
3D
25
2F
F
30
21
1F
2
E
63
5D
5A
5B
54
4A
3E
31
3D
22
4
20
2
7
52
51
46
49
39
2A
15
1C
2
11
3C
3D
2E
1E
2
0
0
0
0
0
0
0
0
0
0
0
0
0
0
0
0
0
0
0
0
0
0
0
0
0
0
0
0
0
0
0
0
0
0
0
0
0
0
0
0
0
0
0
0
0
0
0
0
0
0
0
0
0
0
0
0
0
0
0
0
0
0
0
0
0
0
0
0
0
0
0
0
0
0
0
0
0
0
0
0
0
0
0
0
0
0
0
0
0
0
0
0
0
0
0
0
0
0
0
0
0
0
0
0
0
0
0
0
0
0
0
0
0
0
0
