74
71
73
70
6D
69
65
5E
5C
55
53
48
3B
2D
1A
2
A
51
4B
45
38
29
15
1
3F
47
3A
2C
18
2
B
38
32
2F
23
1F
2
6
16
1
3
72
6E
6F
6C
68
62
59
50
44
37
28
14
0
6B
6A
66
5F
61
56
58
4E
42
35
26
2F
1D
10
2
8
5A
4C
51
4F
40
43
36
2F
27
1B
12
2
9
33
45
38
24
2B
D
19
17
C
2
5
1
67
6C
64
60
57
4D
41
34
25
3D
2F
F
30
21
1F
E
2
5D
63
5A
54
5B
4A
3E
3D
31
22
4
20
7
2
52
51
49
46
39
2A
15
1C
11
2
3D
3C
2E
1E
2
0
0
0
0
0
0
0
0
0
0
0
0
0
0
0
0
0
0
0
0
0
0
0
0
0
0
0
0
0
0
0
0
0
0
0
0
0
0
0
0
0
0
0
0
0
0
0
0
0
0
0
0
0
0
0
0
0
0
0
0
0
0
0
0
0
0
0
0
0
0
0
0
0
0
0
0
0
0
0
0
0
0
0
0
0
0
0
0
0
0
0
0
0
0
0
0
0
0
0
0
0
0
0
0
0
0
0
0
0
0
0
0
0
0
0
