74
71
73
70
6D
69
65
5E
5C
55
53
48
3B
2D
1A
2
A
51
4B
45
38
29
15
1
3F
47
3A
2C
18
B
2
38
32
23
2F
1F
2
16
6
1
3
6E
72
6F
6C
68
62
59
50
44
37
28
14
0
6B
6A
66
5F
56
61
58
4E
42
35
26
2F
10
1D
8
2
4C
5A
51
4F
40
43
36
27
2F
12
1B
2
9
45
33
38
24
D
2B
19
17
C
2
1
5
6C
67
60
64
57
4D
41
34
25
3D
2F
F
30
21
1F
E
2
5D
63
5A
5B
54
4A
3E
3D
31
22
4
20
7
2
51
52
46
49
39
2A
15
1C
2
11
3C
3D
2E
1E
13
0
0
0
0
0
0
0
0
0
0
0
0
0
0
0
0
0
0
0
0
0
0
0
0
0
0
0
0
0
0
0
0
0
0
0
0
0
0
0
0
0
0
0
0
0
0
0
0
0
0
0
0
0
0
0
0
0
0
0
0
0
0
0
0
0
0
0
0
0
0
0
0
0
0
0
0
0
0
0
0
0
0
0
0
0
0
0
0
0
0
0
0
0
0
0
0
0
0
0
0
0
0
0
0
0
0
0
0
0
0
0
0
0
0
0
