74
73
71
70
6D
69
65
5E
55
5C
53
48
3B
2D
1A
2
A
51
4B
45
38
29
15
1
3F
47
3A
2C
18
2
B
38
32
2F
23
1F
2
6
16
1
3
6E
72
6F
6C
68
62
59
50
44
37
28
14
0
6B
6A
66
5F
56
61
58
4E
42
35
2F
26
10
1D
2
8
5A
4C
51
40
4F
43
36
27
2F
12
1B
2
9
45
33
24
38
2B
D
19
17
C
2
1
5
67
6C
64
60
57
4D
41
34
3D
25
2F
30
F
1F
21
E
2
5D
63
5A
54
5B
4A
3E
31
3D
22
4
20
2
7
52
51
46
49
39
2A
1C
15
2
11
3D
3C
2E
1E
2
0
0
0
0
0
0
0
0
0
0
0
0
0
0
0
0
0
0
0
0
0
0
0
0
0
0
0
0
0
0
0
0
0
0
0
0
0
0
0
0
0
0
0
0
0
0
0
0
0
0
0
0
0
0
0
0
0
0
0
0
0
0
0
0
0
0
0
0
0
0
0
0
0
0
0
0
0
0
0
0
0
0
0
0
0
0
0
0
0
0
0
0
0
0
0
0
0
0
0
0
0
0
0
0
0
0
0
0
0
0
0
0
0
0
0
