74
71
73
70
6D
69
65
5E
5C
55
53
48
3B
2D
1A
2
A
51
4B
45
38
29
15
1
3F
47
3A
2C
18
B
2
38
32
2F
23
1F
2
6
16
3
1
72
6E
6F
6C
68
62
59
50
44
37
28
14
0
6B
6A
66
5F
61
56
58
4E
42
35
26
2F
10
1D
8
2
5A
4C
51
4F
40
43
36
2F
27
12
1B
2
9
45
33
38
24
D
2B
19
17
2
C
1
5
67
6C
60
64
57
4D
41
34
3D
25
2F
30
F
1F
21
E
2
63
5D
5A
54
5B
4A
3E
3D
31
22
4
20
2
7
52
51
49
46
39
2A
15
1C
2
11
3D
3C
2E
1E
13
0
0
0
0
0
0
0
0
0
0
0
0
0
0
0
0
0
0
0
0
0
0
0
0
0
0
0
0
0
0
0
0
0
0
0
0
0
0
0
0
0
0
0
0
0
0
0
0
0
0
0
0
0
0
0
0
0
0
0
0
0
0
0
0
0
0
0
0
0
0
0
0
0
0
0
0
0
0
0
0
0
0
0
0
0
0
0
0
0
0
0
0
0
0
0
0
0
0
0
0
0
0
0
0
0
0
0
0
0
0
0
0
0
0
0
