82 96

14 27
0 17
10 24
13 32
6 30
5 29
4 28
8 20
2 23
2 27
2 26
2 24
2 25
2 22
2 21
15 33
7 31
12 26
3 19
16 34
11 25
1 20
1 18
1 19
1 21
9 23
27 39
17 35
24 29
32 45
30 43
29 42
28 41
20 32
21 37
22 39
22 38
23 40
25 34
26 33
33 46
31 44
19 31
34 47
18 36
18 37
39 50
35 48
45 54
43 53
42 52
41 51
37 42
38 45
38 47
40 28
46 55
44 41
47 30
36 49
50 58
48 56
54 61
53 60
52 59
51 53
55 59
49 57
49 52
58 63
56 62
61 66
60 65
59 64
57 51
63 68
62 64
62 67
66 70
65 69
64 60
68 72
67 71
70 74
69 73
72 76
71 65
71 75
74 69
73 77
76 79
75 78
77 80
79 81
78 73
81 77
