82 96

12 26
15 33
6 30
0 17
3 19
5 29
10 24
9 23
11 25
16 34
8 20
2 26
2 22
2 25
2 24
2 23
2 27
2 21
14 27
13 32
4 28
1 19
1 21
1 20
1 18
7 31
26 33
33 46
30 43
17 35
19 31
29 42
24 29
23 40
25 34
34 47
20 32
21 37
22 38
22 39
27 39
32 45
28 41
18 36
18 37
31 44
46 55
43 53
35 48
42 52
40 28
47 30
37 42
38 47
38 45
39 50
45 54
41 51
36 49
44 41
55 59
53 60
48 56
52 59
50 58
54 61
51 53
49 57
49 52
59 64
60 65
56 62
58 63
61 66
57 51
64 60
65 69
62 67
62 64
63 68
66 70
69 73
67 71
68 72
70 74
73 77
71 65
71 75
72 76
74 69
77 80
75 78
76 79
78 73
79 81
81 77
