82 96

0 17
3 19
6 30
15 33
5 29
11 25
16 34
4 28
9 23
10 24
12 26
8 20
13 32
2 25
2 27
2 22
2 21
2 26
2 24
2 23
14 27
1 21
1 19
1 20
1 18
7 31
17 35
19 31
30 43
33 46
29 42
25 34
34 47
28 41
23 40
24 29
26 33
20 32
32 45
21 37
22 39
22 38
27 39
18 37
18 36
31 44
35 48
43 53
46 55
42 52
47 30
41 51
40 28
45 54
37 42
38 47
38 45
39 50
36 49
44 41
48 56
53 60
55 59
52 59
51 53
54 61
50 58
49 52
49 57
56 62
60 65
59 64
61 66
58 63
57 51
62 67
62 64
65 69
64 60
66 70
63 68
67 71
69 73
70 74
68 72
71 75
71 65
73 77
74 69
72 76
75 78
77 80
76 79
78 73
79 81
81 77
