82 96

13 32
9 23
6 30
16 34
3 19
11 25
5 29
0 17
2 24
2 25
2 22
2 21
2 27
2 23
2 26
15 33
1 19
1 20
1 18
1 21
12 26
14 27
8 20
10 24
4 28
7 31
32 45
23 40
30 43
34 47
19 31
25 34
29 42
17 35
21 37
22 38
22 39
24 29
26 33
27 39
33 46
18 36
18 37
20 32
28 41
31 44
45 54
40 28
43 53
47 30
42 52
35 48
37 42
38 45
38 47
39 50
46 55
36 49
41 51
44 41
54 61
53 60
52 59
48 56
50 58
55 59
49 57
49 52
51 53
61 66
60 65
59 64
56 62
58 63
57 51
66 70
65 69
64 60
62 67
62 64
63 68
70 74
69 73
67 71
68 72
74 69
73 77
71 65
71 75
72 76
77 80
75 78
76 79
78 73
79 81
81 77
