152 176

21 56
16 53
4 40
4 41
26 44
5 42
5 43
11 34
20 40
7 47
7 46
30 62
6 45
6 44
12 50
18 54
1 34
1 35
3 39
3 38
19 55
31 63
8 32
23 42
10 49
29 46
9 48
15 52
17 38
14 36
28 61
24 58
13 51
22 57
27 60
2 37
2 36
25 59
0 33
0 32
56 88
53 85
40 72
41 73
41 72
44 76
42 74
43 74
43 75
34 66
46 78
47 79
47 78
62 94
45 76
45 77
50 82
54 86
35 67
35 66
38 70
39 70
39 71
55 87
63 95
32 64
49 81
48 80
52 84
36 68
61 93
58 90
51 83
57 89
60 92
37 68
37 69
59 91
33 64
33 65
88 120
85 117
72 56
73 105
73 104
76 60
74 58
75 106
75 107
66 50
78 62
79 110
79 111
94 126
77 109
77 108
82 114
86 118
67 98
67 99
70 54
71 103
71 102
87 119
95 127
64 48
81 113
80 112
84 116
68 52
93 125
90 122
83 115
89 121
92 124
69 101
69 100
91 123
65 96
65 97
120 57
104 132
105 88
106 133
107 90
110 135
111 94
126 63
108 134
109 92
114 51
118 55
98 129
99 82
102 131
103 86
112 49
116 53
122 59
124 61
100 130
101 84
96 128
97 80
132 140
132 120
133 122
133 141
135 126
135 143
134 142
134 124
129 114
129 137
131 118
131 139
130 138
130 116
128 112
128 136
140 148
141 149
143 151
142 150
137 145
139 147
138 146
136 144
148 89
149 91
151 95
150 93
145 83
147 87
146 85
144 81
