118 142

109 113
117 109
103 109
106 103
97 103
87 97
86 97
62 86
85 62
28 62
95 85
60 85
77 60
26 60
51 77
51 78
49 78
5 49
5 46
18 46
78 61
27 61
61 74
43 74
3 43
3 41
3 42
59 42
48 59
25 59
21 48
42 73
84 73
79 84
73 63
29 63
41 72
72 92
92 100
93 100
115 117
111 115
107 111
101 107
94 101
76 94
45 76
4 45
4 44
23 44
44 75
50 75
22 50
108 112
116 108
102 108
114 116
104 102
96 102
110 114
98 104
83 96
82 96
105 110
89 98
57 83
56 82
99 105
64 89
65 57
17 57
81 56
16 56
90 99
30 64
64 88
80 65
31 65
91 81
54 81
68 90
0 30
66 88
71 80
53 31
69 54
14 54
34 68
0 32
55 66
40 71
37 53
13 53
35 69
1 34
67 32
70 55
15 55
2 40
9 37
6 35
1 33
39 67
38 70
2 36
11 33
10 39
7 38
36 52
8 36
12 52
0 31
2 35
2 37
2 38
2 39
5 47
5 48
5 50
5 51
19 49
20 47
24 58
32 66
33 67
40 69
40 70
46 77
47 58
51 79
52 80
58 84
63 87
71 91
72 93
74 92
75 43
79 95
88 98
89 83
93 87
100 106
