118 142

109 113
117 109
103 109
115 117
106 103
97 103
111 115
100 106
87 97
86 97
107 111
93 100
63 87
62 86
101 107
72 93
73 63
29 63
85 62
28 62
94 101
41 72
72 92
84 73
42 73
95 85
60 85
76 94
3 41
74 92
79 84
59 42
77 60
26 60
45 76
3 43
61 74
51 79
48 59
25 59
46 77
4 45
75 43
78 61
27 61
5 51
21 48
18 46
4 44
50 75
49 78
5 47
23 44
22 50
19 49
47 58
20 47
24 58
108 112
116 108
102 108
104 102
96 102
83 96
82 96
56 82
81 56
16 56
91 81
54 81
69 54
14 54
40 69
40 70
38 70
2 38
2 35
6 35
70 55
15 55
55 66
32 66
0 32
0 30
0 31
53 31
37 53
13 53
9 37
31 65
80 65
71 80
65 57
17 57
30 64
64 88
88 98
89 98
114 116
110 114
105 110
99 105
90 99
68 90
34 68
1 34
1 33
11 33
33 67
39 67
10 39
2 36
2 37
2 39
2 40
3 42
5 46
5 48
5 49
5 50
7 38
8 36
12 52
35 69
36 52
40 71
43 74
44 75
51 77
51 78
52 80
57 83
58 84
64 89
66 88
67 32
71 91
79 95
89 83
92 100
93 87
98 104
