118 142

26 60
60 85
85 62
62 86
86 97
97 103
103 109
109 113
24 58
58 84
84 73
73 63
63 87
87 97
23 44
44 75
75 43
43 74
74 92
92 100
100 106
106 103
21 48
48 59
59 42
42 73
13 53
53 31
31 65
65 57
57 83
83 96
96 102
102 108
108 112
22 50
50 75
10 39
39 67
67 32
32 66
66 88
88 98
98 104
104 102
4 45
4 44
45 76
76 94
94 101
101 107
107 111
111 115
115 117
117 109
27 61
61 74
9 37
37 53
2 35
2 38
2 39
2 36
2 37
2 40
40 70
40 69
40 71
71 91
71 80
91 81
81 56
56 82
82 96
80 65
70 55
55 66
69 54
54 81
38 70
36 52
52 80
35 69
15 55
8 36
16 56
5 46
5 47
5 49
5 50
5 48
5 51
51 78
51 79
51 77
79 95
79 84
95 85
78 61
77 60
49 78
47 58
46 77
14 54
29 63
1 34
1 33
34 68
68 90
90 99
99 105
105 110
110 114
114 116
116 108
33 67
18 46
11 33
25 59
12 52
3 41
3 43
3 42
41 72
72 93
72 92
93 87
93 100
19 49
28 62
20 47
7 38
6 35
0 32
0 30
0 31
30 64
64 89
64 88
89 98
89 83
17 57
