118 142

5 46
5 47
5 48
5 49
5 50
5 51
29 63
19 49
20 47
10 39
17 57
2 38
2 36
2 37
2 40
2 39
2 35
4 44
4 45
25 59
16 56
28 62
12 52
13 53
26 60
1 33
1 34
7 38
11 33
8 36
9 37
22 50
6 35
3 42
3 43
3 41
14 54
27 61
0 31
0 32
0 30
23 44
15 55
24 58
21 48
18 46
46 77
47 58
48 59
49 78
50 75
51 78
51 77
51 79
63 87
39 67
57 83
35 69
36 52
37 53
38 70
40 69
40 71
40 70
44 75
45 76
59 42
56 82
62 86
52 80
53 31
60 85
33 67
34 68
41 72
42 73
43 74
54 81
61 74
30 64
31 65
32 66
55 66
58 84
77 60
78 61
75 43
79 84
79 95
87 97
67 32
83 96
69 54
70 55
71 80
71 91
76 94
82 96
86 97
80 65
85 62
68 90
72 92
72 93
73 63
74 92
81 56
64 89
64 88
65 57
66 88
84 73
95 85
97 103
96 102
91 81
94 101
90 99
92 100
93 87
93 100
88 98
89 83
89 98
103 109
102 108
101 107
99 105
100 106
98 104
109 113
108 112
107 111
105 110
106 103
104 102
111 115
110 114
115 117
114 116
117 109
116 108
