118 142

6 35
7 38
14 54
3 42
3 41
3 43
28 62
26 60
4 44
4 45
22 50
9 37
25 59
19 49
20 47
15 55
13 53
29 63
23 44
11 33
16 56
2 39
2 37
2 40
2 36
2 38
2 35
1 34
1 33
0 31
0 32
0 30
24 58
8 36
21 48
12 52
5 51
5 50
5 47
5 49
5 46
5 48
27 61
18 46
10 39
17 57
35 69
38 70
54 81
41 72
42 73
43 74
62 86
60 85
44 75
45 76
50 75
37 53
59 42
49 78
47 58
55 66
53 31
63 87
33 67
56 82
36 52
39 67
40 70
40 69
40 71
34 68
30 64
31 65
32 66
58 84
48 59
52 80
46 77
51 79
51 78
51 77
61 74
57 83
69 54
70 55
81 56
72 92
72 93
73 63
74 92
86 97
85 62
75 43
76 94
78 61
66 88
87 97
67 32
82 96
71 91
71 80
68 90
64 89
64 88
65 57
84 73
80 65
77 60
79 95
79 84
83 96
92 100
93 87
93 100
97 103
94 101
88 98
96 102
91 81
90 99
89 98
89 83
95 85
100 106
103 109
101 107
98 104
102 108
99 105
106 103
109 113
107 111
104 102
108 112
105 110
111 115
110 114
115 117
114 116
117 109
116 108
