118 142

117 116
116 113
116 115
115 112
112 109
109 105
105 101
101 94
94 92
94 85
92 83
83 72
72 59
59 45
45 26
26 10
26 2
85 81
85 75
81 69
69 56
56 41
41 21
21 1
75 71
75 63
71 58
58 44
44 24
24 11
24 2
63 56
63 50
50 47
50 35
47 31
31 2
35 22
35 6
22 3
22 1
113 110
113 114
114 111
111 108
108 104
104 98
98 89
89 80
80 68
68 55
55 40
40 20
20 0
110 107
110 106
106 102
102 95
95 97
95 86
97 88
88 78
78 66
66 53
53 38
53 47
38 29
38 16
29 2
29 8
86 90
86 76
90 81
76 64
76 79
79 67
67 54
54 39
54 47
39 18
39 27
27 9
27 2
64 69
64 51
51 56
51 36
36 43
36 13
43 25
43 23
25 12
25 2
23 5
23 1
107 108
107 103
103 96
103 100
96 87
87 77
77 65
65 52
52 37
52 61
61 47
37 15
37 48
48 31
48 33
33 2
33 14
100 93
100 99
99 90
93 91
93 84
84 74
74 62
62 49
62 61
49 34
34 32
34 4
32 7
32 2
91 81
91 82
82 73
82 70
70 57
57 42
42 28
42 21
28 17
28 2
73 61
73 60
60 46
46 30
30 19
30 2
