118 142

117 116
116 115
116 113
115 112
112 109
109 105
105 101
101 94
94 85
94 92
92 83
83 72
72 59
59 45
45 26
26 10
26 2
85 81
85 75
81 69
69 56
56 41
41 21
21 1
75 71
75 63
71 58
58 44
44 24
24 11
24 2
63 56
63 50
50 35
50 47
47 31
31 2
35 22
35 6
22 1
22 3
113 110
113 114
114 111
111 108
108 104
104 98
98 89
89 80
80 68
68 55
55 40
40 20
20 0
110 107
110 106
106 102
102 95
95 86
95 97
97 88
88 78
78 66
66 53
53 47
53 38
38 16
38 29
29 8
29 2
86 90
86 76
90 81
76 79
76 64
79 67
67 54
54 47
54 39
39 18
39 27
27 2
27 9
64 69
64 51
51 56
51 36
36 13
36 43
43 23
43 25
25 2
25 12
23 1
23 5
107 103
107 108
103 100
103 96
96 87
87 77
77 65
65 52
52 37
52 61
61 47
37 15
37 48
48 33
48 31
33 14
33 2
100 99
100 93
99 90
93 91
93 84
84 74
74 62
62 61
62 49
49 34
34 32
34 4
32 7
32 2
91 82
91 81
82 70
82 73
70 57
57 42
42 28
42 21
28 17
28 2
73 60
73 61
60 46
46 30
30 2
30 19
