74
73
71
70
6D
69
65
5E
5C
55
53
48
3B
2D
1A
2
A
4B
51
45
38
29
15
1
3F
47
3A
2C
18
2
B
38
32
2F
23
1F
2
16
6
1
3
6E
72
6F
6C
68
62
59
50
44
37
28
14
0
6B
6A
66
5F
61
56
58
4E
42
35
26
2F
10
1D
2
8
5A
4C
51
4F
40
43
36
27
2F
12
1B
9
2
33
45
38
24
2B
D
19
17
2
C
1
5
6C
67
64
60
57
4D
41
34
25
3D
2F
30
F
1F
21
E
2
63
5D
5A
54
5B
4A
3E
31
3D
22
4
20
2
7
51
52
49
46
39
2A
15
1C
11
2
3C
3D
2E
1E
2
0
0
0
0
0
0
0
0
0
0
0
0
0
0
0
0
0
0
0
0
0
0
0
0
0
0
0
0
0
0
0
0
0
0
0
0
0
0
0
0
0
0
0
0
0
0
0
0
0
0
0
0
0
0
0
0
0
0
0
0
0
0
0
0
0
0
0
0
0
0
0
0
0
0
0
0
0
0
0
0
0
0
0
0
0
0
0
0
0
0
0
0
0
0
0
0
0
0
0
0
0
0
0
0
0
0
0
0
0
0
0
0
0
0
0
