74
71
73
70
6D
69
65
5E
55
5C
53
48
3B
2D
1A
A
2
4B
51
45
38
29
15
1
3F
47
3A
2C
18
2
B
38
32
2F
23
1F
2
6
16
1
3
6E
72
6F
6C
68
62
59
50
44
37
28
14
0
6A
6B
66
5F
61
56
58
4E
42
35
26
2F
10
1D
2
8
4C
5A
51
40
4F
43
36
27
2F
1B
12
2
9
33
45
24
38
2B
D
17
19
C
2
1
5
6C
67
64
60
57
4D
41
34
25
3D
2F
30
F
1F
21
2
E
5D
63
5A
54
5B
4A
3E
31
3D
22
20
4
2
7
52
51
49
46
39
2A
1C
15
2
11
3C
3D
2E
1E
2
0
0
0
0
0
0
0
0
0
0
0
0
0
0
0
0
0
0
0
0
0
0
0
0
0
0
0
0
0
0
0
0
0
0
0
0
0
0
0
0
0
0
0
0
0
0
0
0
0
0
0
0
0
0
0
0
0
0
0
0
0
0
0
0
0
0
0
0
0
0
0
0
0
0
0
0
0
0
0
0
0
0
0
0
0
0
0
0
0
0
0
0
0
0
0
0
0
0
0
0
0
0
0
0
0
0
0
0
0
0
0
0
0
0
0
