74
71
73
70
6D
69
65
5E
5C
55
53
48
3B
2D
1A
A
2
51
4B
45
38
29
15
1
3F
47
3A
2C
18
2
B
38
32
2F
23
1F
2
16
6
3
1
72
6E
6F
6C
68
62
59
50
44
37
28
14
0
6A
6B
66
5F
61
56
58
4E
42
35
26
2F
10
1D
2
8
4C
5A
51
40
4F
43
36
27
2F
1B
12
9
2
33
45
38
24
2B
D
19
17
C
2
5
1
67
6C
60
64
57
4D
41
34
25
3D
2F
F
30
1F
21
2
E
63
5D
5A
5B
54
4A
3E
31
3D
22
20
4
2
7
51
52
46
49
39
2A
1C
15
11
2
3C
3D
2E
1E
13
0
0
0
0
0
0
0
0
0
0
0
0
0
0
0
0
0
0
0
0
0
0
0
0
0
0
0
0
0
0
0
0
0
0
0
0
0
0
0
0
0
0
0
0
0
0
0
0
0
0
0
0
0
0
0
0
0
0
0
0
0
0
0
0
0
0
0
0
0
0
0
0
0
0
0
0
0
0
0
0
0
0
0
0
0
0
0
0
0
0
0
0
0
0
0
0
0
0
0
0
0
0
0
0
0
0
0
0
0
0
0
0
0
0
0
