74
73
71
70
6D
69
65
5E
5C
55
53
48
3B
2D
1A
A
2
4B
51
45
38
29
15
1
47
3F
3A
2C
18
2
B
32
38
2F
23
1F
2
6
16
1
3
6E
72
6F
6C
68
62
59
50
44
37
28
14
0
6A
6B
66
5F
61
56
58
4E
42
35
2F
26
10
1D
2
8
4C
5A
51
4F
40
43
36
2F
27
12
1B
9
2
45
33
38
24
2B
D
19
17
C
2
1
5
67
6C
64
60
57
4D
41
34
25
3D
2F
30
F
21
1F
E
2
63
5D
5A
5B
54
4A
3E
31
3D
22
20
4
7
2
51
52
49
46
39
2A
15
1C
11
2
3C
3D
2E
1E
2
0
0
0
0
0
0
0
0
0
0
0
0
0
0
0
0
0
0
0
0
0
0
0
0
0
0
0
0
0
0
0
0
0
0
0
0
0
0
0
0
0
0
0
0
0
0
0
0
0
0
0
0
0
0
0
0
0
0
0
0
0
0
0
0
0
0
0
0
0
0
0
0
0
0
0
0
0
0
0
0
0
0
0
0
0
0
0
0
0
0
0
0
0
0
0
0
0
0
0
0
0
0
0
0
0
0
0
0
0
0
0
0
0
0
0
