152 176

12 50
13 51
11 34
18 54
8 32
9 48
19 55
7 46
7 47
20 40
28 61
23 42
22 57
2 36
2 37
14 36
21 56
27 60
17 38
3 38
3 39
25 59
29 46
26 44
16 53
5 43
5 42
10 49
31 63
15 52
24 58
1 34
1 35
6 45
6 44
30 62
0 32
0 33
4 41
4 40
50 82
51 83
34 66
54 86
32 64
48 80
55 87
46 78
47 78
47 79
40 72
61 93
42 74
57 89
36 68
37 68
37 69
56 88
60 92
38 70
39 71
39 70
59 91
44 76
53 85
43 75
43 74
49 81
63 95
52 84
58 90
35 66
35 67
45 77
45 76
62 94
33 65
33 64
41 73
41 72
82 114
83 115
66 50
86 118
64 48
80 112
87 119
78 62
79 111
79 110
72 56
93 125
74 58
89 121
68 52
69 100
69 101
88 120
92 124
70 54
71 102
71 103
91 123
76 60
85 117
75 106
75 107
81 113
95 127
84 116
90 122
67 99
67 98
77 109
77 108
94 126
65 97
65 96
73 104
73 105
114 51
118 55
112 49
110 135
111 94
100 130
101 84
120 57
124 61
102 131
103 86
106 133
107 90
116 53
122 59
98 129
99 82
108 134
109 92
126 63
96 128
97 80
104 132
105 88
135 126
135 143
130 138
130 116
131 118
131 139
133 141
133 122
129 137
129 114
134 124
134 142
128 136
128 112
132 120
132 140
143 151
138 146
139 147
141 149
137 145
142 150
136 144
140 148
151 95
146 85
147 87
149 91
145 83
150 93
144 81
148 89
