152 176

3 39
3 38
9 48
18 54
28 61
8 32
10 49
25 59
30 62
15 52
16 53
23 42
4 40
4 41
29 46
20 40
1 35
1 34
22 57
19 55
6 45
6 44
2 37
2 36
24 58
7 47
7 46
27 60
5 42
5 43
17 38
14 36
12 50
11 34
26 44
21 56
13 51
0 32
0 33
31 63
38 70
39 70
39 71
48 80
54 86
61 93
32 64
49 81
59 91
62 94
52 84
53 85
42 74
40 72
41 73
41 72
46 78
34 66
35 66
35 67
57 89
55 87
44 76
45 77
45 76
36 68
37 68
37 69
58 90
47 79
47 78
60 92
43 75
43 74
50 82
56 88
51 83
33 65
33 64
63 95
70 54
71 102
71 103
80 112
86 118
93 125
64 48
81 113
91 123
94 126
84 116
85 117
74 58
72 56
73 104
73 105
78 62
66 50
67 99
67 98
89 121
87 119
76 60
77 109
77 108
68 52
69 100
69 101
90 122
79 110
79 111
92 124
75 107
75 106
82 114
88 120
83 115
65 96
65 97
95 127
102 131
103 86
112 49
118 55
126 63
116 53
104 132
105 88
98 129
99 82
108 134
109 92
100 130
101 84
122 59
110 135
111 94
124 61
106 133
107 90
114 51
120 57
96 128
97 80
131 118
131 139
132 120
132 140
129 137
129 114
134 142
134 124
130 116
130 138
135 143
135 126
133 141
133 122
128 112
128 136
139 147
140 148
137 145
142 150
138 146
143 151
141 149
136 144
147 87
148 89
145 83
150 93
146 85
151 95
149 91
144 81
