152 176

11 34
34 66
66 50
50 82
82 114
114 51
51 83
83 115
23 42
42 74
74 58
58 90
90 122
122 59
59 91
91 123
22 57
57 89
89 121
8 32
32 64
64 48
48 80
80 112
112 49
49 81
81 113
3 39
3 38
39 70
39 71
70 54
54 86
86 118
118 55
55 87
87 119
71 102
71 103
103 86
102 131
131 118
131 139
139 147
147 87
38 70
9 48
12 50
30 62
62 94
94 126
126 63
63 95
95 127
1 34
1 35
35 67
35 66
67 98
67 99
99 82
98 129
129 114
129 137
137 145
145 83
4 40
4 41
41 73
41 72
72 56
56 88
88 120
120 57
73 104
73 105
105 88
104 132
132 140
132 120
140 148
148 89
40 72
5 43
5 42
43 74
43 75
75 106
75 107
107 90
106 133
133 141
133 122
141 149
149 91
26 44
44 76
76 60
60 92
92 124
124 61
61 93
93 125
18 54
24 58
29 46
46 78
78 62
17 38
31 63
16 53
53 85
85 117
21 56
2 37
2 36
37 69
37 68
68 52
52 84
84 116
116 53
69 101
69 100
101 84
100 130
130 138
130 116
138 146
146 85
36 68
13 51
28 61
20 40
27 60
15 52
7 46
7 47
47 79
47 78
79 111
79 110
111 94
110 135
135 143
135 126
143 151
151 95
6 45
6 44
45 76
45 77
77 109
77 108
109 92
108 134
134 124
134 142
142 150
150 93
25 59
0 33
0 32
33 65
33 64
65 96
65 97
97 80
96 128
128 112
128 136
136 144
144 81
10 49
19 55
14 36
