152 176

27 60
6 44
6 45
26 44
21 56
15 52
13 51
2 36
2 37
1 35
1 34
9 48
3 39
3 38
25 59
4 41
4 40
23 42
16 53
19 55
24 58
18 54
14 36
31 63
17 38
8 32
20 40
10 49
22 57
0 32
0 33
29 46
28 61
5 42
5 43
7 46
7 47
11 34
12 50
30 62
60 92
44 76
45 76
45 77
56 88
52 84
51 83
36 68
37 69
37 68
34 66
35 66
35 67
48 80
38 70
39 71
39 70
59 91
40 72
41 73
41 72
42 74
53 85
55 87
58 90
54 86
63 95
32 64
49 81
57 89
33 65
33 64
46 78
61 93
43 74
43 75
47 79
47 78
50 82
62 94
92 124
76 60
77 109
77 108
88 120
84 116
83 115
68 52
69 101
69 100
66 50
67 98
67 99
80 112
70 54
71 102
71 103
91 123
72 56
73 104
73 105
74 58
85 117
87 119
90 122
86 118
95 127
64 48
81 113
89 121
65 96
65 97
78 62
93 125
75 107
75 106
79 111
79 110
82 114
94 126
124 61
108 134
109 92
120 57
116 53
100 130
101 84
98 129
99 82
112 49
102 131
103 86
104 132
105 88
122 59
118 55
96 128
97 80
106 133
107 90
110 135
111 94
114 51
126 63
134 142
134 124
130 138
130 116
129 137
129 114
131 118
131 139
132 140
132 120
128 136
128 112
133 141
133 122
135 143
135 126
142 150
138 146
137 145
139 147
140 148
136 144
141 149
143 151
150 93
146 85
145 83
147 87
148 89
144 81
149 91
151 95
