152 176

14 36
27 60
10 49
20 40
15 52
1 34
1 35
30 62
2 37
2 36
9 48
26 44
0 33
0 32
5 42
5 43
29 46
24 58
19 55
16 53
17 38
8 32
13 51
11 34
4 41
4 40
22 57
3 39
3 38
23 42
6 45
6 44
31 63
7 47
7 46
18 54
21 56
12 50
28 61
25 59
36 68
60 92
49 81
40 72
52 84
34 66
35 66
35 67
62 94
37 68
37 69
48 80
44 76
32 64
33 64
33 65
42 74
43 74
43 75
46 78
58 90
55 87
53 85
38 70
51 83
41 73
41 72
57 89
39 71
39 70
45 76
45 77
63 95
47 78
47 79
54 86
56 88
50 82
61 93
59 91
68 52
92 124
81 113
72 56
84 116
66 50
67 99
67 98
94 126
69 101
69 100
80 112
76 60
64 48
65 96
65 97
74 58
75 106
75 107
78 62
90 122
87 119
85 117
70 54
83 115
73 104
73 105
89 121
71 103
71 102
77 108
77 109
95 127
79 111
79 110
86 118
88 120
82 114
93 125
91 123
124 61
116 53
98 129
99 82
126 63
100 130
101 84
112 49
96 128
97 80
106 133
107 90
122 59
104 132
105 88
102 131
103 86
108 134
109 92
110 135
111 94
118 55
120 57
114 51
129 114
129 137
130 116
130 138
128 136
128 112
133 141
133 122
132 120
132 140
131 118
131 139
134 142
134 124
135 143
135 126
137 145
138 146
136 144
141 149
140 148
139 147
142 150
143 151
145 83
146 85
144 81
149 91
148 89
147 87
150 93
151 95
