152 176

2 36
2 37
27 60
25 59
24 58
10 49
4 40
4 41
13 51
22 57
5 43
5 42
20 40
23 42
3 38
3 39
14 36
15 52
7 47
7 46
6 44
6 45
29 46
8 32
17 38
19 55
0 32
0 33
30 62
11 34
21 56
26 44
28 61
18 54
9 48
31 63
16 53
12 50
1 35
1 34
36 68
37 69
37 68
60 92
59 91
58 90
49 81
40 72
41 72
41 73
51 83
57 89
42 74
43 74
43 75
38 70
39 70
39 71
52 84
46 78
47 79
47 78
44 76
45 76
45 77
32 64
55 87
33 65
33 64
62 94
34 66
56 88
61 93
54 86
48 80
63 95
53 85
50 82
35 67
35 66
68 52
69 100
69 101
92 124
91 123
90 122
81 113
72 56
73 104
73 105
83 115
89 121
74 58
75 107
75 106
70 54
71 103
71 102
84 116
78 62
79 111
79 110
76 60
77 109
77 108
64 48
87 119
65 96
65 97
94 126
66 50
88 120
93 125
86 118
80 112
95 127
85 117
82 114
67 99
67 98
100 130
101 84
124 61
122 59
104 132
105 88
106 133
107 90
102 131
103 86
116 53
110 135
111 94
108 134
109 92
96 128
97 80
126 63
120 57
118 55
112 49
114 51
98 129
99 82
130 116
130 138
132 140
132 120
133 122
133 141
131 118
131 139
135 143
135 126
134 124
134 142
128 112
128 136
129 114
129 137
138 146
140 148
141 149
139 147
143 151
142 150
136 144
137 145
146 85
148 89
149 91
147 87
151 95
150 93
144 81
145 83
