152 176

81 113
144 81
49 81
112 49
10 49
128 112
128 136
96 128
65 96
65 97
97 80
48 80
64 48
9 48
33 64
0 33
0 32
8 32
85 117
146 85
53 85
116 53
16 53
130 116
130 138
100 130
69 100
69 101
101 84
52 84
68 52
15 52
37 68
2 37
2 36
14 36
93 125
150 93
61 93
142 150
124 61
28 61
134 142
92 124
108 134
109 92
60 92
77 108
76 60
27 60
45 77
44 76
6 45
26 44
83 115
145 83
51 83
114 51
13 51
129 114
129 137
98 129
67 98
67 99
99 82
50 82
66 50
12 50
35 66
1 35
1 34
11 34
91 123
149 91
59 91
141 149
122 59
25 59
133 141
90 122
106 133
107 90
58 90
75 106
74 58
24 58
43 75
42 74
5 43
23 42
87 119
147 87
55 87
139 147
118 55
19 55
131 139
86 118
102 131
103 86
54 86
71 102
70 54
18 54
39 71
38 70
3 39
17 38
95 127
151 95
63 95
126 63
31 63
135 126
135 143
110 135
79 110
79 111
111 94
62 94
78 62
30 62
47 78
7 47
7 46
29 46
89 121
148 89
57 89
140 148
120 57
22 57
132 140
88 120
104 132
105 88
56 88
73 104
72 56
21 56
41 73
40 72
4 41
20 40
3 38
4 40
5 42
6 44
32 64
33 65
34 66
35 67
36 68
37 69
39 70
41 72
43 74
45 76
46 78
47 79
71 103
73 105
75 107
77 109
80 112
82 114
84 116
94 126
131 118
132 120
133 122
134 124
136 144
137 145
138 146
143 151
