152 176

18 54
54 86
86 118
118 55
55 87
87 119
3 38
3 39
39 70
39 71
70 54
71 103
71 102
103 86
102 131
131 139
131 118
139 147
147 87
38 70
24 58
58 90
90 122
122 59
59 91
91 123
17 38
4 40
4 41
41 73
41 72
72 56
56 88
88 120
120 57
57 89
89 121
73 104
73 105
105 88
104 132
132 120
132 140
140 148
148 89
40 72
12 50
50 82
82 114
114 51
51 83
83 115
19 55
1 34
1 35
35 66
35 67
66 50
67 99
67 98
99 82
98 129
129 137
129 114
137 145
145 83
34 66
25 59
23 42
42 74
74 58
21 56
29 46
46 78
78 62
62 94
94 126
126 63
63 95
95 127
13 51
5 42
5 43
43 75
43 74
75 107
75 106
107 90
106 133
133 141
133 122
141 149
149 91
16 53
53 85
85 117
20 40
15 52
52 84
84 116
116 53
11 34
27 60
60 92
92 124
124 61
61 93
93 125
2 36
2 37
37 68
37 69
68 52
69 101
69 100
101 84
100 130
130 116
130 138
138 146
146 85
36 68
22 57
7 47
7 46
47 79
47 78
79 110
79 111
111 94
110 135
135 126
135 143
143 151
151 95
26 44
44 76
76 60
8 32
32 64
64 48
48 80
80 112
112 49
49 81
81 113
0 32
0 33
33 64
33 65
65 97
65 96
97 80
96 128
128 112
128 136
136 144
144 81
6 45
6 44
45 77
45 76
77 108
77 109
109 92
108 134
134 142
134 124
142 150
150 93
14 36
31 63
10 49
9 48
30 62
28 61
