152 176

4 40
4 41
30 62
26 44
3 39
3 38
16 53
6 44
6 45
9 48
0 33
0 32
23 42
22 57
10 49
1 35
1 34
11 34
24 58
19 55
14 36
25 59
13 51
18 54
17 38
5 42
5 43
28 61
2 37
2 36
21 56
15 52
8 32
31 63
29 46
27 60
20 40
7 47
7 46
12 50
40 72
41 72
41 73
62 94
44 76
38 70
39 70
39 71
53 85
45 76
45 77
48 80
32 64
33 64
33 65
42 74
57 89
49 81
34 66
35 67
35 66
58 90
55 87
36 68
59 91
51 83
54 86
43 74
43 75
61 93
37 68
37 69
56 88
52 84
63 95
46 78
60 92
47 79
47 78
50 82
72 56
73 104
73 105
94 126
76 60
70 54
71 102
71 103
85 117
77 109
77 108
80 112
64 48
65 97
65 96
74 58
89 121
81 113
66 50
67 99
67 98
90 122
87 119
68 52
91 123
83 115
86 118
75 106
75 107
93 125
69 101
69 100
88 120
84 116
95 127
78 62
92 124
79 110
79 111
82 114
104 132
105 88
126 63
102 131
103 86
108 134
109 92
112 49
96 128
97 80
98 129
99 82
122 59
118 55
106 133
107 90
100 130
101 84
120 57
116 53
124 61
110 135
111 94
114 51
132 140
132 120
131 118
131 139
134 124
134 142
128 136
128 112
129 137
129 114
133 122
133 141
130 116
130 138
135 126
135 143
140 148
139 147
142 150
136 144
137 145
141 149
138 146
143 151
148 89
147 87
150 93
144 81
145 83
149 91
146 85
151 95
