152 176

26 44
44 76
76 60
60 92
92 124
124 61
61 93
93 125
21 56
56 88
88 120
120 57
57 89
89 121
12 50
50 82
82 114
114 51
51 83
83 115
6 44
6 45
45 77
45 76
77 109
77 108
109 92
108 134
134 142
134 124
142 150
150 93
7 47
7 46
47 78
47 79
78 62
62 94
94 126
126 63
63 95
95 127
79 110
79 111
111 94
110 135
135 126
135 143
143 151
151 95
46 78
22 57
18 54
54 86
86 118
118 55
55 87
87 119
31 63
29 46
0 32
0 33
33 64
33 65
64 48
48 80
80 112
112 49
49 81
81 113
65 97
65 96
97 80
96 128
128 112
128 136
136 144
144 81
32 64
20 40
40 72
72 56
11 34
34 66
66 50
5 42
5 43
43 75
43 74
74 58
58 90
90 122
122 59
59 91
91 123
75 107
75 106
107 90
106 133
133 141
133 122
141 149
149 91
42 74
19 55
24 58
25 59
9 48
1 34
1 35
35 66
35 67
67 99
67 98
99 82
98 129
129 137
129 114
137 145
145 83
28 61
8 32
14 36
36 68
68 52
52 84
84 116
116 53
53 85
85 117
2 36
2 37
37 69
37 68
69 101
69 100
101 84
100 130
130 138
130 116
138 146
146 85
4 40
4 41
41 73
41 72
73 105
73 104
105 88
104 132
132 140
132 120
140 148
148 89
23 42
30 62
27 60
13 51
16 53
17 38
38 70
70 54
10 49
15 52
3 38
3 39
39 71
39 70
71 103
71 102
103 86
102 131
131 139
131 118
139 147
147 87
