152 176

21 56
1 35
1 34
12 50
25 59
11 34
27 60
18 54
8 32
22 57
31 63
28 61
5 42
5 43
26 44
3 38
3 39
19 55
10 49
7 47
7 46
13 51
23 42
6 44
6 45
14 36
24 58
17 38
4 41
4 40
0 32
0 33
29 46
30 62
20 40
16 53
2 36
2 37
15 52
9 48
56 88
34 66
35 66
35 67
50 82
59 91
60 92
54 86
32 64
57 89
63 95
61 93
42 74
43 74
43 75
44 76
38 70
39 70
39 71
55 87
49 81
46 78
47 78
47 79
51 83
45 76
45 77
36 68
58 90
40 72
41 72
41 73
33 64
33 65
62 94
53 85
37 68
37 69
52 84
48 80
88 120
66 50
67 99
67 98
82 114
91 123
92 124
86 118
64 48
89 121
95 127
93 125
74 58
75 106
75 107
76 60
70 54
71 103
71 102
87 119
81 113
78 62
79 111
79 110
83 115
77 108
77 109
68 52
90 122
72 56
73 104
73 105
65 97
65 96
94 126
85 117
69 100
69 101
84 116
80 112
120 57
98 129
99 82
114 51
124 61
118 55
106 133
107 90
102 131
103 86
110 135
111 94
108 134
109 92
122 59
104 132
105 88
96 128
97 80
126 63
100 130
101 84
116 53
112 49
129 137
129 114
133 141
133 122
131 139
131 118
135 143
135 126
134 124
134 142
132 140
132 120
128 136
128 112
130 116
130 138
137 145
141 149
139 147
143 151
142 150
140 148
136 144
138 146
145 83
149 91
147 87
151 95
150 93
148 89
144 81
146 85
