72 88

4 11
5 27
5 25
5 22
5 23
5 24
5 18
5 29
5 28
5 26
7 21
8 10
1 17
1 14
1 18
1 16
1 15
1 11
1 13
1 12
1 19
3 21
2 20
0 10
9 20
6 23
11 31
18 37
22 30
22 39
23 40
24 40
25 41
26 42
27 43
28 44
29 38
21 39
10 30
12 32
13 31
14 33
15 34
16 35
17 36
19 22
20 38
31 46
37 50
39 50
30 45
40 52
41 52
42 53
43 54
44 51
38 51
32 47
33 46
34 48
35 49
36 45
46 56
50 58
45 55
52 59
53 59
54 60
51 57
47 56
48 55
49 57
56 62
58 64
55 61
59 64
60 63
57 63
62 66
64 67
61 65
63 67
66 69
67 68
65 68
69 70
68 70
70 71
