82 96

9 23
5 29
6 30
12 26
13 32
1 20
1 21
1 19
1 18
7 31
15 33
8 20
4 28
14 27
16 34
3 19
2 21
2 27
2 22
2 23
2 25
2 24
2 26
11 25
10 24
0 17
23 40
29 42
30 43
26 33
32 45
18 37
18 36
19 31
20 32
21 37
31 44
33 46
28 41
27 39
34 47
22 39
22 38
24 29
25 34
17 35
40 28
42 52
43 53
45 54
36 49
37 42
44 41
46 55
41 51
39 50
47 30
38 45
38 47
35 48
52 59
53 60
54 61
49 52
49 57
55 59
51 53
50 58
48 56
59 64
60 65
61 66
57 51
58 63
56 62
64 60
65 69
66 70
63 68
62 67
62 64
69 73
70 74
68 72
67 71
73 77
74 69
72 76
71 65
71 75
77 80
76 79
75 78
79 81
78 73
81 77
