82 96

0 17
14 27
11 25
15 33
10 24
4 28
5 29
8 20
1 20
1 21
1 19
1 18
9 23
12 26
6 30
2 26
2 22
2 25
2 27
2 21
2 23
2 24
16 34
3 19
7 31
13 32
17 35
27 39
25 34
33 46
24 29
28 41
29 42
20 32
18 37
18 36
19 31
21 37
23 40
26 33
30 43
22 39
22 38
34 47
31 44
32 45
35 48
39 50
46 55
41 51
42 52
36 49
37 42
40 28
43 53
38 47
38 45
47 30
44 41
45 54
48 56
50 58
55 59
51 53
52 59
49 52
49 57
53 60
54 61
56 62
58 63
59 64
57 51
60 65
61 66
62 67
62 64
63 68
64 60
65 69
66 70
67 71
68 72
69 73
70 74
71 65
71 75
72 76
73 77
74 69
75 78
76 79
77 80
78 73
79 81
81 77
