82 96

13 32
32 45
45 54
54 61
61 66
66 70
70 74
74 69
69 73
73 77
77 80
0 17
17 35
35 48
48 56
56 62
62 64
62 67
67 71
71 75
71 65
75 78
78 73
65 69
64 60
60 65
16 34
34 47
47 30
30 43
43 53
53 60
1 19
1 18
1 21
1 20
21 37
37 42
42 52
52 59
59 64
20 32
19 31
31 44
44 41
41 51
51 53
18 37
18 36
36 49
49 57
49 52
57 51
15 33
33 46
46 55
55 59
8 20
6 30
3 19
5 29
29 42
12 26
26 33
2 23
2 24
2 25
2 26
2 22
2 21
2 27
27 39
39 50
50 58
58 63
63 68
68 72
72 76
76 79
79 81
81 77
25 34
24 29
23 40
40 28
28 41
22 39
22 38
38 45
38 47
9 23
14 27
7 31
4 28
11 25
10 24
