84 97

0 2
1 3
2 4
2 5
3 6
3 7
4 8
4 9
5 10
5 11
6 12
7 13
7 14
8 15
9 16
10 17
11 18
11 19
12 4
13 20
14 21
14 22
15 23
16 24
17 25
17 26
18 27
19 28
20 11
21 29
22 30
23 31
24 31
25 32
26 33
27 34
28 35
29 17
30 36
31 37
32 38
33 39
34 40
35 40
36 41
37 42
37 43
38 44
39 44
40 45
41 46
42 47
43 47
44 48
45 49
45 50
46 51
47 52
48 53
48 54
49 55
50 55
51 56
52 57
52 58
53 59
54 59
55 60
56 61
57 62
58 62
59 63
60 64
60 65
61 66
62 67
63 68
63 69
64 70
65 70
66 71
67 72
68 73
69 73
70 74
71 75
72 76
73 77
74 78
75 79
76 80
77 81
78 81
79 72
80 82
81 82
82 83

