118 142

18 46
1 33
1 34
27 61
20 47
10 39
2 39
2 35
2 38
2 36
2 40
2 37
14 54
12 52
9 37
7 38
21 48
17 57
5 51
5 49
5 50
5 48
5 47
5 46
28 62
3 41
3 42
3 43
16 56
8 36
11 33
15 55
26 60
24 58
13 53
29 63
19 49
23 44
0 30
0 31
0 32
25 59
4 45
4 44
22 50
6 35
46 77
33 67
34 68
61 74
47 58
39 67
35 69
36 52
37 53
38 70
40 70
40 71
40 69
54 81
52 80
48 59
57 83
49 78
50 75
51 79
51 78
51 77
62 86
41 72
42 73
43 74
56 82
55 66
60 85
58 84
53 31
63 87
44 75
30 64
31 65
32 66
59 42
45 76
77 60
67 32
68 90
74 92
69 54
70 55
71 91
71 80
81 56
80 65
83 96
78 61
75 43
79 84
79 95
86 97
72 93
72 92
73 63
82 96
66 88
85 62
84 73
87 97
64 89
64 88
65 57
76 94
90 99
92 100
91 81
96 102
95 85
97 103
93 87
93 100
88 98
89 98
89 83
94 101
99 105
100 106
102 108
103 109
98 104
101 107
105 110
106 103
108 112
109 113
104 102
107 111
110 114
111 115
114 116
115 117
116 108
117 109
