118 142

11 33
25 59
13 53
2 40
2 37
2 39
2 35
2 38
2 36
24 58
26 60
20 47
5 51
5 46
5 47
5 50
5 48
5 49
1 33
1 34
27 61
12 52
10 39
0 30
0 32
0 31
15 55
14 54
21 48
18 46
23 44
3 41
3 42
3 43
7 38
9 37
28 62
16 56
4 45
4 44
29 63
6 35
22 50
8 36
19 49
17 57
33 67
59 42
53 31
35 69
36 52
37 53
38 70
39 67
40 69
40 71
40 70
58 84
60 85
47 58
46 77
48 59
49 78
50 75
51 79
51 78
51 77
34 68
61 74
52 80
30 64
31 65
32 66
55 66
54 81
44 75
41 72
42 73
43 74
62 86
56 82
45 76
63 87
57 83
67 32
69 54
70 55
71 91
71 80
84 73
85 62
77 60
78 61
75 43
79 95
79 84
68 90
74 92
80 65
64 89
64 88
65 57
66 88
81 56
72 93
72 92
73 63
86 97
82 96
76 94
87 97
83 96
91 81
95 85
90 99
92 100
88 98
89 83
89 98
93 100
93 87
97 103
96 102
94 101
99 105
100 106
98 104
103 109
102 108
101 107
105 110
106 103
104 102
109 113
108 112
107 111
110 114
111 115
114 116
115 117
116 108
117 109
