118 142

15 55
19 49
13 53
7 38
4 45
4 44
2 35
2 37
2 39
2 38
2 36
2 40
25 59
6 35
5 51
5 48
5 49
5 46
5 47
5 50
9 37
1 33
1 34
10 39
0 30
0 31
0 32
24 58
17 57
11 33
26 60
23 44
8 36
20 47
28 62
12 52
22 50
27 61
14 54
16 56
18 46
21 48
3 43
3 42
3 41
29 63
55 66
49 78
53 31
38 70
44 75
45 76
35 69
36 52
37 53
39 67
40 70
40 71
40 69
59 42
46 77
47 58
48 59
50 75
51 79
51 78
51 77
33 67
34 68
30 64
31 65
32 66
58 84
57 83
60 85
62 86
52 80
61 74
54 81
56 82
41 72
42 73
43 74
63 87
66 88
78 61
70 55
75 43
76 94
69 54
67 32
71 91
71 80
77 60
79 95
79 84
68 90
64 89
64 88
65 57
84 73
83 96
85 62
86 97
80 65
74 92
81 56
82 96
72 93
72 92
73 63
87 97
88 98
94 101
91 81
95 85
90 99
89 98
89 83
96 102
97 103
92 100
93 87
93 100
98 104
101 107
99 105
102 108
103 109
100 106
104 102
107 111
105 110
108 112
109 113
106 103
111 115
110 114
115 117
114 116
117 109
116 108
