118 142

15 55
4 45
4 44
8 36
10 39
28 62
21 48
12 52
11 33
9 37
25 59
16 56
24 58
2 39
2 38
2 36
2 40
2 37
2 35
18 46
22 50
29 63
1 34
1 33
7 38
6 35
14 54
3 41
3 42
3 43
5 49
5 47
5 48
5 50
5 51
5 46
20 47
0 32
0 30
0 31
23 44
27 61
19 49
26 60
13 53
17 57
55 66
44 75
45 76
36 52
39 67
62 86
48 59
52 80
33 67
37 53
59 42
56 82
58 84
35 69
38 70
40 71
40 69
40 70
46 77
50 75
63 87
34 68
54 81
41 72
42 73
43 74
47 58
49 78
51 79
51 78
51 77
30 64
31 65
32 66
61 74
60 85
53 31
57 83
66 88
75 43
76 94
67 32
86 97
80 65
82 96
84 73
69 54
70 55
71 91
71 80
77 60
87 97
68 90
81 56
72 93
72 92
73 63
74 92
78 61
79 84
79 95
64 88
64 89
65 57
85 62
83 96
88 98
94 101
97 103
96 102
91 81
90 99
92 100
93 100
93 87
95 85
89 83
89 98
98 104
101 107
103 109
102 108
99 105
100 106
104 102
107 111
109 113
108 112
105 110
106 103
111 115
110 114
115 117
114 116
117 109
116 108
