19-119 55
55 87
87 119
28 61
61 93
93 125
5 43
5 42
43 74
43 75
74 58
58 90
90 122
122 59
59 91
91 123
75 106
75 107
107 90
106 133
133 122
133 141
141 149
149 91
42 74
22 57
57 89
89 121
8 32
32 64
64 48
48 80
80 112
112 49
49 81
81 113
1 35
1 34
35 67
35 66
66 50
50 82
82 114
114 51
51 83
83 115
67 98
67 99
99 82
98 129
129 114
129 137
137 145
145 83
34 66
30 62
62 94
94 126
126 63
63 95
95 127
6 45
6 44
45 77
45 76
76 60
60 92
92 124
124 61
77 108
77 109
109 92
108 134
134 124
134 142
142 150
150 93
44 76
4 40
4 41
41 73
41 72
72 56
56 88
88 120
120 57
73 104
73 105
105 88
104 132
132 120
132 140
140 148
148 89
40 72
3 39
3 38
39 71
39 70
70 54
54 86
86 118
118 55
71 102
71 103
103 86
102 131
131 139
131 118
139 147
147 87
38 70
29 46
46 78
78 62
23 42
26 44
15 52
52 84
84 116
116 53
53 85
85 117
14 36
36 68
68 52
11 34
2 36
2 37
37 69
37 68
69 100
69 101
101 84
100 130
130 138
130 116
138 146
146 85
16 53
18 54
0 33
0 32
33 64
33 65
65 96
65 97
97 80
96 128
128 136
128 112
136 144
144 81
13 51
9 48
10 49
27 60
31 63
17 38
25 59
20 40
7 46
7 47
47 79
47 78
79 110
79 111
111 94
110 135
135 126
135 143
143 151
151 95
24 58
12 50
21 56
19 -> 55
pos_b
try pos (0, 0)
try pos (0, -1)
try pos (1, 0)
19 (0,0) -> 55 (1,1)
55 -> 87
pos_b
try pos (1, 0)
try pos (1, -1)
try pos (2, 0)
55 (1,0) -> 87 (2,2)
87 -> 119
pos_b
try pos (2, 0)
try pos (2, -1)
try pos (3, 0)
87 (2,0) -> 119 (3,3)
28 -> 61
pos to 28
try pos (-1, -1)
try pos (-1, -2)
try pos (0, -1)
try pos (-1, -2)
try pos (-2, -1)
try pos (-2, 0)
try pos (0, 0)
try pos (0, -2)
try pos (-2, -2)
try pos (-1, 1)
try pos (1, -1)
try pos (-1, -3)
try pos (-3, -1)
try pos (-2, 1)
try pos (0, 1)
pos_b
try pos (0, 1)
try pos (0, 0)
try pos (1, 1)
28 (0,1) -> 61 (1,1)
61 -> 93
pos_b
try pos (1, 1)
try pos (1, 0)
try pos (2, 1)
61 (1,1) -> 93 (2,2)
93 -> 125
pos_b
try pos (2, 1)
try pos (2, 0)
try pos (3, 1)
93 (2,1) -> 125 (3,3)
5 -> 43
pos to 5
try pos (-1, -1)
try pos (-1, -2)
try pos (0, -2)
try pos (0, -3)
try pos (-1, -3)
try pos (-2, -2)
try pos (-1, -1)
try pos (0, -2)
try pos (-1, -3)
try pos (-1, -1)
try pos (1, -1)
try pos (1, -3)
try pos (-1, -3)
try pos (-2, -1)
try pos (-1, 1)
try pos (0, -1)
try pos (-1, -3)
try pos (-3, -2)
try pos (-1, -1)
try pos (1, -2)
try pos (-1, -3)
try pos (-1, 0)
try pos (2, 0)
try pos (2, 3)
pos_b
try pos (2, 3)
try pos (2, 2)
5 (2,3) -> 43 (2,2)
5 -> 42
pos_b
try pos (2, 3)
try pos (2, 2)
try pos (3, 3)
5 (2,3) -> 42 (3,3)
43 -> 74
pos_b
try pos (2, 2)
try pos (2, 1)
try pos (3, 2)
43 (2,2) -> 74 (3,3)
43 -> 75
pos_b
try pos (2, 2)
try pos (2, 1)
try pos (3, 2)
try pos (2, 1)
try pos (1, 2)
43 (2,2) -> 75 (1,1)
74 -> 58
pos_b
try pos (3, 2)
try pos (3, 1)
try pos (4, 2)
74 (3,2) -> 58 (4,4)
58 -> 90
pos_b
try pos (4, 2)
try pos (4, 1)
58 (4,2) -> 90 (4,4)
90 -> 122
pos_b
try pos (4, 1)
try pos (4, 0)
90 (4,1) -> 122 (4,4)
122 -> 59
pos_b
try pos (4, 0)
try pos (4, -1)
try pos (5, 0)
122 (4,0) -> 59 (5,5)
59 -> 91
pos_b
try pos (5, 0)
try pos (5, -1)
try pos (6, 0)
59 (5,0) -> 91 (6,6)
91 -> 123
pos_b
try pos (6, 0)
try pos (6, -1)
try pos (7, 0)
91 (6,0) -> 123 (7,7)
75 -> 106
pos_b
try pos (1, 2)
try pos (1, 1)
try pos (2, 2)
try pos (1, 1)
try pos (0, 2)
75 (1,2) -> 106 (0,0)
75 -> 107
pos_b
try pos (1, 2)
try pos (1, 1)
try pos (2, 2)
try pos (1, 1)
try pos (0, 2)
try pos (0, 3)
75 (1,2) -> 107 (0,0)
107 -> 90
107 (0,3) -> 90 (4,4)
106 -> 133
pos_b
try pos (0, 2)
try pos (0, 1)
try pos (1, 2)
try pos (0, 1)
try pos (-1, 2)
try pos (-1, 3)
try pos (1, 3)
106 (0,2) -> 133 (1,1)
133 -> 122
133 (1,3) -> 122 (4,4)
133 -> 141
pos_b
try pos (1, 3)
try pos (1, 2)
try pos (2, 3)
try pos (1, 2)
try pos (0, 3)
try pos (0, 4)
133 (1,3) -> 141 (0,0)
141 -> 149
pos_b
try pos (0, 4)
try pos (0, 3)
try pos (1, 4)
141 (0,4) -> 149 (1,1)
149 -> 91
149 (1,4) -> 91 (6,6)
42 -> 74
42 (3,3) -> 74 (3,3)
22 -> 57
pos to 22
try pos (-1, -1)
try pos (-1, -2)
try pos (0, -1)
try pos (-1, -2)
try pos (-2, -1)
try pos (-2, 0)
try pos (0, 0)
try pos (0, -2)
try pos (-2, -2)
try pos (-1, 1)
try pos (1, -1)
try pos (-1, -3)
try pos (-3, -1)
try pos (-2, 1)
try pos (0, 1)
try pos (0, -3)
try pos (-2, -3)
try pos (-3, 0)
try pos (1, 0)
try pos (1, -2)
try pos (-3, -2)
try pos (-1, 2)
try pos (2, -1)
try pos (-1, 2)
try pos (-1, -4)
try pos (-4, -1)
try pos (1, 1)
try pos (1, -3)
try pos (-3, -3)
try pos (-3, 1)
try pos (0, 2)
try pos (2, 0)
try pos (2, -2)
try pos (0, -4)
try pos (-2, -4)
try pos (-4, -2)
try pos (-4, 0)
try pos (-2, 2)
try pos (-1, 3)
try pos (3, -1)
try pos (-1, -5)
try pos (-5, -1)
try pos (1, 2)
try pos (2, 1)
try pos (2, -3)
try pos (1, -4)
try pos (-3, -4)
try pos (-4, -3)
try pos (-4, 1)
try pos (-3, 2)
try pos (0, 3)
try pos (3, 0)
try pos (3, -2)
try pos (0, -5)
try pos (-2, -5)
try pos (-5, -2)
try pos (-5, 0)
try pos (-2, 3)
try pos (-1, 4)
try pos (4, -1)
try pos (-1, -6)
try pos (-6, -1)
try pos (1, 1)
try pos (-1, -1)
try pos (-1, -1)
No solution!

 19  28 106 107 141  -1  -1  -1  -1  -1  -1  -1  -1 
 55  61  75 133 149  -1  -1  -1  -1  -1  -1  -1  -1 
 87  93  43   5  -1  -1  -1  -1  -1  -1  -1  -1  -1 
119 125  74  42  -1  -1  -1  -1  -1  -1  -1  -1  -1 
122  90  58  -1  -1  -1  -1  -1  -1  -1  -1  -1  -1 
 59  -1  -1  -1  -1  -1  -1  -1  -1  -1  -1  -1  -1 
 91  -1  -1  -1  -1  -1  -1  -1  -1  -1  -1  -1  -1 
123  -1  -1  -1  -1  -1  -1  -1  -1  -1  -1  -1  -1 
 -1  -1  -1  -1  -1  -1  -1  -1  -1  -1  -1  -1  -1 
 -1  -1  -1  -1  -1  -1  -1  -1  -1  -1  -1  -1  -1 
 -1  -1  -1  -1  -1  -1  -1  -1  -1  -1  -1  -1  -1 
 -1  -1  -1  -1  -1  -1  -1  -1  -1  -1  -1  -1  -1 
 -1  -1  -1  -1  -1  -1  -1  -1  -1  -1  -1  -1  -1 
Time placement: 0 ms

