10-110 49
49 81
81 113
7 46
7 47
47 79
47 78
78 62
62 94
94 126
126 63
63 95
95 127
79 111
79 110
111 94
110 135
135 126
135 143
143 151
151 95
46 78
3 39
3 38
39 70
39 71
70 54
54 86
86 118
118 55
55 87
87 119
71 103
71 102
103 86
102 131
131 118
131 139
139 147
147 87
38 70
31 63
0 32
0 33
33 64
33 65
64 48
48 80
80 112
112 49
65 96
65 97
97 80
96 128
128 112
128 136
136 144
144 81
32 64
17 38
1 35
1 34
35 67
35 66
66 50
50 82
82 114
114 51
51 83
83 115
67 99
67 98
99 82
98 129
129 137
129 114
137 145
145 83
34 66
14 36
36 68
68 52
52 84
84 116
116 53
53 85
85 117
18 54
28 61
61 93
93 125
12 50
11 34
20 40
40 72
72 56
56 88
88 120
120 57
57 89
89 121
2 37
2 36
37 68
37 69
69 100
69 101
101 84
100 130
130 138
130 116
138 146
146 85
4 41
4 40
41 72
41 73
73 104
73 105
105 88
104 132
132 120
132 140
140 148
148 89
15 52
19 55
23 42
42 74
74 58
58 90
90 122
122 59
59 91
91 123
22 57
25 59
6 45
6 44
45 76
45 77
76 60
60 92
92 124
124 61
77 109
77 108
109 92
108 134
134 124
134 142
142 150
150 93
44 76
8 32
21 56
9 48
27 60
5 42
5 43
43 74
43 75
75 106
75 107
107 90
106 133
133 141
133 122
141 149
149 91
26 44
16 53
30 62
13 51
24 58
29 46
10 -> 49
pos_b
try pos (0, 0)
try pos (0, 1)
10 (0,0) -> 49 (0,0)
49 -> 81
pos_b
try pos (0, 1)
try pos (0, 2)
49 (0,1) -> 81 (0,0)
81 -> 113
pos_b
try pos (0, 2)
try pos (0, 3)
81 (0,2) -> 113 (0,0)
7 -> 46
pos to 7
try pos (-1, -1)
try pos (-1, 0)
try pos (0, -1)
try pos (-1, 0)
try pos (-2, -1)
try pos (-2, 0)
try pos (0, 0)
try pos (0, -2)
try pos (-2, -2)
try pos (-1, 1)
try pos (1, -1)
try pos (-1, -3)
try pos (-3, -1)
try pos (-2, 1)
try pos (0, 1)
try pos (0, -3)
try pos (-2, -3)
try pos (-3, 0)
try pos (1, 0)
pos_b
try pos (1, 0)
try pos (1, 1)
7 (1,0) -> 46 (1,1)
7 -> 47
pos_b
try pos (1, 0)
try pos (1, 1)
try pos (2, 0)
7 (1,0) -> 47 (2,2)
47 -> 79
pos_b
try pos (2, 0)
try pos (2, 1)
47 (2,0) -> 79 (2,2)
47 -> 78
pos_b
try pos (2, 0)
try pos (2, 1)
try pos (3, 0)
47 (2,0) -> 78 (3,3)
78 -> 62
pos_b
try pos (3, 0)
try pos (3, 1)
78 (3,0) -> 62 (3,3)
62 -> 94
pos_b
try pos (3, 1)
try pos (3, 2)
62 (3,1) -> 94 (3,3)
94 -> 126
pos_b
try pos (3, 2)
try pos (3, 3)
94 (3,2) -> 126 (3,3)
126 -> 63
pos_b
try pos (3, 3)
try pos (3, 4)
126 (3,3) -> 63 (3,3)
63 -> 95
pos_b
try pos (3, 4)
try pos (3, 5)
63 (3,4) -> 95 (3,3)
95 -> 127
pos_b
try pos (3, 5)
try pos (3, 6)
95 (3,5) -> 127 (3,3)
79 -> 111
pos_b
try pos (2, 1)
try pos (2, 2)
79 (2,1) -> 111 (2,2)
79 -> 110
pos_b
try pos (2, 1)
try pos (2, 2)
try pos (3, 1)
try pos (2, 2)
try pos (1, 1)
try pos (1, 2)
79 (2,1) -> 110 (1,1)
111 -> 94
111 (2,2) -> 94 (3,3)
110 -> 135
pos_b
try pos (1, 2)
try pos (1, 3)
110 (1,2) -> 135 (1,1)
135 -> 126
135 (1,3) -> 126 (3,3)
135 -> 143
pos_b
try pos (1, 3)
try pos (1, 4)
135 (1,3) -> 143 (1,1)
143 -> 151
pos_b
try pos (1, 4)
try pos (1, 5)
143 (1,4) -> 151 (1,1)
151 -> 95
151 (1,5) -> 95 (3,3)
46 -> 78
46 (1,1) -> 78 (3,3)
3 -> 39
pos to 3
try pos (-1, -1)
try pos (-1, 0)
try pos (0, -1)
try pos (-1, 0)
try pos (-2, -1)
try pos (-2, 0)
try pos (0, 0)
try pos (0, -2)
try pos (-2, -2)
try pos (-1, 1)
try pos (1, -1)
try pos (-1, -3)
try pos (-3, -1)
try pos (-2, 1)
try pos (0, 1)
try pos (0, -3)
try pos (-2, -3)
try pos (-3, 0)
try pos (1, 0)
try pos (1, -2)
try pos (-3, -2)
try pos (-1, 2)
try pos (2, -1)
try pos (-1, 2)
try pos (-1, -4)
try pos (-4, -1)
try pos (1, 1)
try pos (1, -3)
try pos (-3, -3)
try pos (-3, 1)
try pos (0, 2)
try pos (2, 0)
try pos (2, -2)
try pos (0, -4)
try pos (-2, -4)
try pos (-4, -2)
try pos (-4, 0)
try pos (-2, 2)
try pos (-1, 3)
try pos (3, -1)
try pos (-1, -5)
try pos (-5, -1)
try pos (1, 2)
try pos (2, 1)
try pos (2, -3)
try pos (1, -4)
try pos (-3, -4)
try pos (-4, -3)
try pos (-4, 1)
try pos (-3, 2)
try pos (0, 3)
try pos (3, 0)
try pos (3, -2)
try pos (0, -5)
try pos (-2, -5)
try pos (-5, -2)
try pos (-5, 0)
try pos (-2, 3)
try pos (-1, 4)
try pos (4, -1)
try pos (-1, -6)
try pos (-6, -1)
try pos (-1, -1)
try pos (-1, -1)
try pos (-1, -1)
No solution!

 10  49  81 113  -1  -1  -1  -1  -1  -1  -1  -1  -1 
  7  46 110 135 143 151  -1  -1  -1  -1  -1  -1  -1 
 47  79 111  -1  -1  -1  -1  -1  -1  -1  -1  -1  -1 
 78  62  94 126  63  95 127  -1  -1  -1  -1  -1  -1 
 -1  -1  -1  -1  -1  -1  -1  -1  -1  -1  -1  -1  -1 
 -1  -1  -1  -1  -1  -1  -1  -1  -1  -1  -1  -1  -1 
 -1  -1  -1  -1  -1  -1  -1  -1  -1  -1  -1  -1  -1 
 -1  -1  -1  -1  -1  -1  -1  -1  -1  -1  -1  -1  -1 
 -1  -1  -1  -1  -1  -1  -1  -1  -1  -1  -1  -1  -1 
 -1  -1  -1  -1  -1  -1  -1  -1  -1  -1  -1  -1  -1 
 -1  -1  -1  -1  -1  -1  -1  -1  -1  -1  -1  -1  -1 
 -1  -1  -1  -1  -1  -1  -1  -1  -1  -1  -1  -1  -1 
 -1  -1  -1  -1  -1  -1  -1  -1  -1  -1  -1  -1  -1 
Time placement: 0 ms

