8-18 32
32 64
64 48
48 80
80 112
112 49
49 81
81 113
15 52
52 84
84 116
116 53
53 85
85 117
0 32
0 33
33 65
33 64
65 97
65 96
97 80
96 128
128 136
128 112
136 144
144 81
11 34
34 66
66 50
50 82
82 114
114 51
51 83
83 115
4 40
4 41
41 73
41 72
72 56
56 88
88 120
120 57
57 89
89 121
73 104
73 105
105 88
104 132
132 120
132 140
140 148
148 89
40 72
31 63
63 95
95 127
26 44
44 76
76 60
60 92
92 124
124 61
61 93
93 125
19 55
55 87
87 119
6 45
6 44
45 77
45 76
77 108
77 109
109 92
108 134
134 124
134 142
142 150
150 93
14 36
36 68
68 52
7 47
7 46
47 79
47 78
78 62
62 94
94 126
126 63
79 111
79 110
111 94
110 135
135 143
135 126
143 151
151 95
46 78
23 42
42 74
74 58
58 90
90 122
122 59
59 91
91 123
21 56
24 58
17 38
38 70
70 54
54 86
86 118
118 55
5 43
5 42
43 74
43 75
75 107
75 106
107 90
106 133
133 141
133 122
141 149
149 91
13 51
1 34
1 35
35 67
35 66
67 99
67 98
99 82
98 129
129 137
129 114
137 145
145 83
30 62
28 61
29 46
20 40
2 36
2 37
37 68
37 69
69 100
69 101
101 84
100 130
130 116
130 138
138 146
146 85
22 57
25 59
9 48
18 54
3 39
3 38
39 70
39 71
71 102
71 103
103 86
102 131
131 118
131 139
139 147
147 87
10 49
27 60
12 50
16 53
8 -> 32
pos_b
try pos (0, 0)
try pos (-1, 0)
try pos (1, 0)
8 (0,0) -> 32 (1,1)
32 -> 64
pos_b
try pos (1, 0)
try pos (0, 0)
try pos (2, 0)
32 (1,0) -> 64 (2,2)
64 -> 48
pos_b
try pos (2, 0)
try pos (1, 0)
try pos (3, 0)
64 (2,0) -> 48 (3,3)
48 -> 80
pos_b
try pos (3, 0)
try pos (2, 0)
try pos (4, 0)
48 (3,0) -> 80 (4,4)
80 -> 112
pos_b
try pos (4, 0)
try pos (3, 0)
try pos (5, 0)
80 (4,0) -> 112 (5,5)
112 -> 49
pos_b
try pos (5, 0)
try pos (4, 0)
try pos (6, 0)
112 (5,0) -> 49 (6,6)
49 -> 81
pos_b
try pos (6, 0)
try pos (5, 0)
try pos (7, 0)
49 (6,0) -> 81 (7,7)
81 -> 113
pos_b
try pos (7, 0)
try pos (6, 0)
try pos (8, 0)
81 (7,0) -> 113 (8,8)
15 -> 52
pos to 15
try pos (-1, -1)
try pos (-2, -1)
try pos (0, -1)
try pos (-1, -2)
try pos (-2, -1)
try pos (-2, 0)
try pos (0, 0)
try pos (0, -2)
try pos (-2, -2)
try pos (-1, 1)
try pos (1, -1)
try pos (-1, -3)
try pos (-3, -1)
try pos (-2, 1)
try pos (0, 1)
pos_b
try pos (0, 1)
try pos (-1, 1)
try pos (1, 1)
15 (0,1) -> 52 (1,1)
52 -> 84
pos_b
try pos (1, 1)
try pos (0, 1)
try pos (2, 1)
52 (1,1) -> 84 (2,2)
84 -> 116
pos_b
try pos (2, 1)
try pos (1, 1)
try pos (3, 1)
84 (2,1) -> 116 (3,3)
116 -> 53
pos_b
try pos (3, 1)
try pos (2, 1)
try pos (4, 1)
116 (3,1) -> 53 (4,4)
53 -> 85
pos_b
try pos (4, 1)
try pos (3, 1)
try pos (5, 1)
53 (4,1) -> 85 (5,5)
85 -> 117
pos_b
try pos (5, 1)
try pos (4, 1)
try pos (6, 1)
85 (5,1) -> 117 (6,6)
0 -> 32
pos to 0
try pos (-1, -1)
try pos (-2, -1)
try pos (0, -1)
try pos (-1, -2)
try pos (-2, -1)
try pos (-2, 0)
try pos (0, 0)
try pos (0, -2)
try pos (-2, -2)
try pos (-1, 1)
try pos (1, -1)
try pos (-1, -3)
try pos (-3, -1)
try pos (-2, 1)
try pos (0, 1)
try pos (0, -3)
try pos (-2, -3)
try pos (-3, 0)
try pos (1, 0)
try pos (1, -2)
try pos (-3, -2)
try pos (-1, 2)
try pos (2, -1)
try pos (-1, 2)
try pos (-1, -4)
try pos (-4, -1)
try pos (1, 1)
try pos (1, -3)
try pos (-3, -3)
try pos (-3, 1)
try pos (0, 2)
0 (0,2) -> 32 (1,1)
0 -> 33
pos_b
try pos (0, 2)
try pos (-1, 2)
try pos (1, 2)
0 (0,2) -> 33 (1,1)
33 -> 65
pos_b
try pos (1, 2)
try pos (0, 2)
try pos (2, 2)
33 (1,2) -> 65 (2,2)
33 -> 64
33 (1,2) -> 64 (2,2)
65 -> 97
pos_b
try pos (2, 2)
try pos (1, 2)
try pos (3, 2)
65 (2,2) -> 97 (3,3)
65 -> 96
pos_b
try pos (2, 2)
try pos (1, 2)
try pos (3, 2)
try pos (2, 1)
try pos (1, 2)
try pos (1, 3)
65 (2,2) -> 96 (1,1)
97 -> 80
97 (3,2) -> 80 (4,4)
96 -> 128
pos_b
try pos (1, 3)
try pos (0, 3)
96 (1,3) -> 128 (0,0)
128 -> 136
pos_b
try pos (0, 3)
try pos (-1, 3)
try pos (1, 3)
try pos (0, 2)
try pos (-1, 3)
try pos (-1, 4)
try pos (1, 4)
128 (0,3) -> 136 (1,1)
128 -> 112
128 (0,3) -> 112 (5,5)
136 -> 144
pos_b
try pos (1, 4)
try pos (0, 4)
136 (1,4) -> 144 (0,0)
144 -> 81
144 (0,4) -> 81 (7,7)
11 -> 34
pos to 11
try pos (-1, -1)
try pos (-2, -1)
try pos (0, -1)
try pos (-1, -2)
try pos (-2, -1)
try pos (-2, 0)
try pos (0, 0)
try pos (0, -2)
try pos (-2, -2)
try pos (-1, 1)
try pos (1, -1)
try pos (-1, -3)
try pos (-3, -1)
try pos (-2, 1)
try pos (0, 1)
try pos (0, -3)
try pos (-2, -3)
try pos (-3, 0)
try pos (1, 0)
try pos (1, -2)
try pos (-3, -2)
try pos (-1, 2)
try pos (2, -1)
try pos (-1, 2)
try pos (-1, -4)
try pos (-4, -1)
try pos (1, 1)
try pos (1, -3)
try pos (-3, -3)
try pos (-3, 1)
try pos (0, 2)
try pos (2, 0)
try pos (2, -2)
try pos (0, -4)
try pos (-2, -4)
try pos (-4, -2)
try pos (-4, 0)
try pos (-2, 2)
try pos (-1, 3)
try pos (3, -1)
try pos (-1, -5)
try pos (-5, -1)
try pos (1, 2)
try pos (2, 1)
try pos (2, -3)
try pos (1, -4)
try pos (-3, -4)
try pos (-4, -3)
try pos (-4, 1)
try pos (-3, 2)
try pos (0, 3)
try pos (3, 0)
try pos (3, -2)
try pos (0, -5)
try pos (-2, -5)
try pos (-5, -2)
try pos (-5, 0)
try pos (-2, 3)
try pos (-1, 4)
try pos (4, -1)
try pos (-1, -6)
try pos (-6, -1)
try pos (2, 2)
try pos (-1, -1)
try pos (-1, -1)
No solution!

  8  15   0 128 144  -1  -1  -1  -1  -1  -1  -1  -1 
 32  52  33  96 136  -1  -1  -1  -1  -1  -1  -1  -1 
 64  84  65  -1  -1  -1  -1  -1  -1  -1  -1  -1  -1 
 48 116  97  -1  -1  -1  -1  -1  -1  -1  -1  -1  -1 
 80  53  -1  -1  -1  -1  -1  -1  -1  -1  -1  -1  -1 
112  85  -1  -1  -1  -1  -1  -1  -1  -1  -1  -1  -1 
 49 117  -1  -1  -1  -1  -1  -1  -1  -1  -1  -1  -1 
 81  -1  -1  -1  -1  -1  -1  -1  -1  -1  -1  -1  -1 
113  -1  -1  -1  -1  -1  -1  -1  -1  -1  -1  -1  -1 
 -1  -1  -1  -1  -1  -1  -1  -1  -1  -1  -1  -1  -1 
 -1  -1  -1  -1  -1  -1  -1  -1  -1  -1  -1  -1  -1 
 -1  -1  -1  -1  -1  -1  -1  -1  -1  -1  -1  -1  -1 
 -1  -1  -1  -1  -1  -1  -1  -1  -1  -1  -1  -1  -1 
Time placement: 0 ms

