118 142

10 26
9 27
17 28
7 32
6 35
4 34
14 33
19 30
5 23
8 29
0 20
13 36
18 39
16 38
12 25
2 27
2 25
2 26
2 28
2 24
2 31
2 32
2 30
2 29
2 33
1 21
1 23
1 22
15 37
3 22
11 24
26 45
27 39
28 42
32 34
35 50
34 49
33 48
30 46
23 43
29 38
20 40
36 51
39 54
38 53
25 43
24 44
31 48
31 47
21 41
21 42
22 35
37 52
45 59
42 57
50 63
49 62
48 37
46 60
43 36
40 55
51 64
54 67
53 66
44 58
47 50
47 61
47 54
47 53
41 56
52 65
59 72
57 70
63 75
62 74
60 73
55 68
64 76
67 79
66 78
58 71
61 73
61 52
61 62
56 69
56 63
56 51
65 77
72 83
70 82
75 85
74 84
73 82
68 80
76 86
79 76
78 88
71 75
69 64
69 81
77 87
83 92
82 91
85 94
84 93
80 89
86 95
88 97
81 85
81 90
81 91
87 96
92 94
91 93
94 101
93 100
89 98
95 102
97 95
90 99
90 86
96 103
101 105
100 103
98 104
102 106
99 100
103 107
105 109
104 108
106 110
107 110
109 112
108 107
108 111
110 113
112 115
111 114
113 116
115 116
114 113
116 117
