118 142

11 24
12 25
1 21
1 22
1 23
7 32
3 22
5 23
6 35
14 33
2 28
2 29
2 33
2 30
2 31
2 25
2 26
2 24
2 32
2 27
8 29
4 34
10 26
16 38
0 20
9 27
19 30
15 37
13 36
18 39
17 28
24 44
25 43
21 42
21 41
22 35
23 43
32 34
35 50
33 48
26 45
27 39
28 42
29 38
30 46
31 48
31 47
34 49
38 53
20 40
37 52
36 51
39 54
44 58
43 36
41 56
42 57
50 63
48 37
45 59
46 60
47 61
47 53
47 50
47 54
49 62
53 66
40 55
52 65
51 64
54 67
58 71
56 63
56 69
56 51
57 70
63 75
59 72
60 73
61 73
61 62
61 52
62 74
66 78
55 68
65 77
64 76
67 79
71 75
69 64
69 81
70 82
75 85
72 83
73 82
74 84
78 88
68 80
77 87
76 86
79 76
81 91
81 85
81 90
82 91
85 94
83 92
84 93
88 97
80 89
87 96
86 95
90 99
90 86
91 93
94 101
92 94
93 100
97 95
89 98
96 103
95 102
99 100
101 105
100 103
98 104
103 107
102 106
105 109
104 108
107 110
106 110
109 112
108 111
108 107
110 113
112 115
111 114
113 116
115 116
114 113
116 117
