118 142

0 20
20 40
40 55
55 68
68 80
80 89
89 98
98 104
104 108
108 111
108 107
111 114
114 113
113 116
116 117
107 110
110 113
8 29
29 38
38 53
53 66
66 78
78 88
88 97
97 95
95 102
102 106
106 110
11 24
24 44
44 58
58 71
71 75
75 85
85 94
94 101
101 105
105 109
109 112
112 115
115 116
15 37
37 52
52 65
65 77
77 87
87 96
96 103
103 107
12 25
25 43
43 36
36 51
51 64
64 76
76 86
86 95
14 33
33 48
48 37
18 39
39 54
54 67
67 79
79 76
6 35
35 50
50 63
63 75
1 23
1 22
1 21
23 43
22 35
21 42
21 41
42 57
57 70
70 82
82 91
91 93
93 100
100 103
41 56
56 63
56 51
56 69
69 64
69 81
81 90
81 91
81 85
90 86
90 99
99 100
5 23
2 31
2 25
2 27
2 32
2 24
2 28
2 30
2 26
2 29
2 33
32 34
34 49
49 62
62 74
74 84
84 93
31 48
31 47
47 50
47 54
47 61
47 53
61 73
61 62
61 52
73 82
30 46
46 60
60 73
28 42
27 39
26 45
45 59
59 72
72 83
83 92
92 94
3 22
7 32
13 36
16 38
19 30
4 34
10 26
17 28
9 27
