118 142

5 23
2 32
2 28
2 31
2 33
2 25
2 29
2 24
2 27
2 30
2 26
9 27
1 21
1 23
1 22
11 24
0 20
13 36
19 30
3 22
8 29
10 26
15 37
16 38
14 33
7 32
18 39
12 25
4 34
17 28
6 35
23 43
24 44
25 43
26 45
27 39
28 42
29 38
30 46
31 48
31 47
32 34
33 48
21 41
21 42
22 35
20 40
36 51
37 52
38 53
39 54
34 49
35 50
43 36
44 58
45 59
42 57
46 60
47 54
47 50
47 61
47 53
48 37
41 56
40 55
51 64
52 65
53 66
54 67
49 62
50 63
58 71
59 72
57 70
60 73
61 73
61 52
61 62
56 69
56 51
56 63
55 68
64 76
65 77
66 78
67 79
62 74
63 75
71 75
72 83
70 82
73 82
69 64
69 81
68 80
76 86
77 87
78 88
79 76
74 84
75 85
83 92
82 91
81 91
81 85
81 90
80 89
86 95
87 96
88 97
84 93
85 94
92 94
91 93
90 99
90 86
89 98
95 102
96 103
97 95
93 100
94 101
99 100
98 104
102 106
103 107
100 103
101 105
104 108
106 110
107 110
105 109
108 107
108 111
110 113
109 112
111 114
113 116
112 115
114 113
116 117
115 116
