72 88

0 10
2 20
8 10
7 21
3 21
9 20
1 12
1 16
1 18
1 13
1 17
1 11
1 14
1 19
1 15
6 23
5 28
5 26
5 22
5 18
5 29
5 23
5 25
5 24
5 27
4 11
10 30
20 38
21 39
11 31
12 32
13 31
14 33
15 34
16 35
17 36
18 37
19 22
23 40
22 30
22 39
24 40
25 41
26 42
27 43
28 44
29 38
30 45
38 51
39 50
31 46
32 47
33 46
34 48
35 49
36 45
37 50
40 52
41 52
42 53
43 54
44 51
45 55
51 57
50 58
46 56
47 56
48 55
49 57
52 59
53 59
54 60
55 61
57 63
58 64
56 62
59 64
60 63
61 65
63 67
64 67
62 66
65 68
67 68
66 69
68 70
69 70
70 71
