72 88

2 20
0 10
4 11
6 23
5 22
5 23
5 27
5 25
5 18
5 24
5 26
5 28
5 29
7 21
1 15
1 16
1 17
1 12
1 19
1 14
1 13
1 11
1 18
3 21
8 10
9 20
20 38
10 30
11 31
23 40
18 37
22 39
22 30
24 40
25 41
26 42
27 43
28 44
29 38
21 39
12 32
13 31
14 33
15 34
16 35
17 36
19 22
38 51
30 45
31 46
40 52
37 50
39 50
41 52
42 53
43 54
44 51
32 47
33 46
34 48
35 49
36 45
51 57
45 55
46 56
52 59
50 58
53 59
54 60
47 56
48 55
49 57
57 63
55 61
56 62
59 64
58 64
60 63
63 67
61 65
62 66
64 67
67 68
65 68
66 69
68 70
69 70
70 71
