118 142

6 35
7 32
8 29
15 37
9 27
0 20
19 30
10 26
17 28
11 24
2 25
2 27
2 30
2 33
2 32
2 29
2 26
2 28
2 24
2 31
13 36
1 23
1 22
1 21
5 23
4 34
3 22
18 39
12 25
14 33
16 38
35 50
32 34
29 38
37 52
27 39
20 40
30 46
26 45
28 42
24 44
25 43
31 47
31 48
33 48
36 51
21 41
21 42
22 35
23 43
34 49
39 54
38 53
50 63
52 65
40 55
46 60
45 59
42 57
44 58
43 36
47 53
47 50
47 61
47 54
48 37
51 64
41 56
49 62
54 67
53 66
63 75
65 77
55 68
60 73
59 72
57 70
58 71
61 52
61 62
61 73
64 76
56 51
56 63
56 69
62 74
67 79
66 78
75 85
77 87
68 80
73 82
72 83
70 82
71 75
76 86
69 81
69 64
74 84
79 76
78 88
85 94
87 96
80 89
82 91
83 92
86 95
81 85
81 90
81 91
84 93
88 97
94 101
96 103
89 98
91 93
92 94
95 102
90 99
90 86
93 100
97 95
101 105
103 107
98 104
102 106
99 100
100 103
105 109
107 110
104 108
106 110
109 112
110 113
108 111
108 107
112 115
113 116
111 114
115 116
116 117
114 113
