118 142

5 23
16 38
6 35
13 36
11 24
2 32
2 25
2 26
2 31
2 28
2 24
2 33
2 27
2 29
2 30
14 33
19 30
10 26
7 32
0 20
8 29
3 22
18 39
1 22
1 21
1 23
4 34
12 25
15 37
9 27
17 28
23 43
38 53
35 50
36 51
24 44
25 43
26 45
27 39
28 42
29 38
30 46
31 48
31 47
32 34
33 48
20 40
22 35
39 54
21 41
21 42
34 49
37 52
43 36
53 66
50 63
51 64
44 58
45 59
42 57
46 60
47 53
47 61
47 50
47 54
48 37
40 55
54 67
41 56
49 62
52 65
66 78
63 75
64 76
58 71
59 72
57 70
60 73
61 52
61 73
61 62
55 68
67 79
56 69
56 51
56 63
62 74
65 77
78 88
75 85
76 86
71 75
72 83
70 82
73 82
68 80
79 76
69 64
69 81
74 84
77 87
88 97
85 94
86 95
83 92
82 91
80 89
81 91
81 90
81 85
84 93
87 96
97 95
94 101
95 102
92 94
91 93
89 98
90 99
90 86
93 100
96 103
101 105
102 106
98 104
99 100
100 103
103 107
105 109
106 110
104 108
107 110
109 112
110 113
108 107
108 111
112 115
113 116
111 114
115 116
116 117
114 113
