72 88

4 11
7 21
1 18
1 13
1 12
1 11
1 17
1 15
1 16
1 19
1 14
8 10
9 20
5 26
5 18
5 24
5 25
5 29
5 27
5 22
5 23
5 28
6 23
3 21
2 20
0 10
11 31
21 39
12 32
13 31
14 33
15 34
16 35
17 36
18 37
19 22
10 30
20 38
22 39
22 30
23 40
24 40
25 41
26 42
27 43
28 44
29 38
31 46
39 50
32 47
33 46
34 48
35 49
36 45
37 50
30 45
38 51
40 52
41 52
42 53
43 54
44 51
46 56
50 58
47 56
48 55
49 57
45 55
51 57
52 59
53 59
54 60
56 62
58 64
55 61
57 63
59 64
60 63
62 66
64 67
61 65
63 67
66 69
67 68
65 68
69 70
68 70
70 71
