72 88

70 71
69 70
68 70
65 68
67 68
63 67
64 67
58 64
59 64
53 59
52 59
41 52
40 52
24 40
23 40
5 23
5 18
1 18
1 11
4 11
11 31
13 31
31 46
33 46
14 33
46 56
47 56
32 47
12 32
56 62
62 66
18 37
37 50
39 50
22 39
22 30
10 30
0 10
8 10
30 45
36 45
17 36
45 55
48 55
34 48
15 34
55 61
19 22
25 41
42 53
26 42
60 63
57 63
49 57
51 57
44 51
38 51
29 38
20 38
2 20
9 20
28 44
35 49
16 35
54 60
43 54
27 43
1 12
1 13
1 14
1 15
1 16
1 17
1 19
3 21
5 22
5 24
5 25
5 26
5 27
5 28
5 29
6 23
7 21
21 39
50 58
61 65
66 69
