72 88

1 12
1 16
1 11
1 15
1 14
1 17
1 19
1 18
1 13
2 20
0 10
9 20
6 23
7 21
8 10
4 11
3 21
5 29
5 27
5 24
5 26
5 18
5 25
5 28
5 22
5 23
11 31
12 32
13 31
14 33
15 34
16 35
17 36
18 37
19 22
20 38
10 30
23 40
21 39
22 30
22 39
24 40
25 41
26 42
27 43
28 44
29 38
31 46
32 47
33 46
34 48
35 49
36 45
37 50
38 51
30 45
40 52
39 50
41 52
42 53
43 54
44 51
46 56
47 56
48 55
49 57
45 55
50 58
51 57
52 59
53 59
54 60
56 62
55 61
57 63
58 64
59 64
60 63
62 66
61 65
63 67
64 67
66 69
65 68
67 68
69 70
68 70
70 71
