72 88

4 11
0 10
3 21
8 10
6 23
9 20
5 26
5 28
5 29
5 24
5 25
5 23
5 18
5 22
5 27
2 20
7 21
1 17
1 12
1 19
1 18
1 16
1 15
1 11
1 13
1 14
11 31
10 30
21 39
23 40
20 38
18 37
22 39
22 30
24 40
25 41
26 42
27 43
28 44
29 38
12 32
13 31
14 33
15 34
16 35
17 36
19 22
31 46
30 45
39 50
40 52
38 51
37 50
41 52
42 53
43 54
44 51
32 47
33 46
34 48
35 49
36 45
46 56
45 55
50 58
52 59
51 57
53 59
54 60
47 56
48 55
49 57
56 62
55 61
58 64
59 64
57 63
60 63
62 66
61 65
64 67
63 67
66 69
65 68
67 68
69 70
68 70
70 71
