72 88

8 10
3 21
5 29
5 27
5 24
5 26
5 25
5 23
5 28
5 22
5 18
9 20
1 13
1 18
1 19
1 11
1 14
1 16
1 15
1 17
1 12
2 20
4 11
0 10
6 23
7 21
10 30
21 39
18 37
22 39
22 30
23 40
24 40
25 41
26 42
27 43
28 44
29 38
20 38
11 31
12 32
13 31
14 33
15 34
16 35
17 36
19 22
30 45
39 50
37 50
40 52
41 52
42 53
43 54
44 51
38 51
31 46
32 47
33 46
34 48
35 49
36 45
45 55
50 58
52 59
53 59
54 60
51 57
46 56
47 56
48 55
49 57
55 61
58 64
59 64
60 63
57 63
56 62
61 65
64 67
63 67
62 66
65 68
67 68
66 69
68 70
69 70
70 71
