72 88

70 71
69 70
68 70
66 69
65 68
67 68
62 66
61 65
63 67
64 67
56 62
55 61
60 63
57 63
58 64
59 64
47 56
46 56
48 55
45 55
54 60
49 57
51 57
50 58
53 59
52 59
32 47
33 46
31 46
34 48
36 45
30 45
43 54
35 49
44 51
38 51
37 50
39 50
42 53
41 52
40 52
12 32
14 33
13 31
11 31
15 34
17 36
22 30
27 43
16 35
28 44
29 38
20 38
18 37
21 39
26 42
25 41
24 40
23 40
1 12
4 11
5 22
2 20
9 20
3 21
7 21
6 23
1 19
0 10
1 11
1 13
1 14
1 15
1 16
1 17
1 18
5 18
5 23
5 24
5 25
5 26
5 27
5 28
5 29
8 10
10 30
19 22
22 39
