72 88

3 21
8 10
6 23
7 21
9 20
4 11
5 23
5 28
5 26
5 27
5 24
5 18
5 22
5 25
5 29
0 10
1 13
1 14
1 11
1 19
1 17
1 12
1 15
1 16
1 18
2 20
21 39
10 30
23 40
20 38
11 31
18 37
22 39
22 30
24 40
25 41
26 42
27 43
28 44
29 38
12 32
13 31
14 33
15 34
16 35
17 36
19 22
39 50
30 45
40 52
38 51
31 46
37 50
41 52
42 53
43 54
44 51
32 47
33 46
34 48
35 49
36 45
50 58
45 55
52 59
51 57
46 56
53 59
54 60
47 56
48 55
49 57
58 64
55 61
59 64
57 63
56 62
60 63
64 67
61 65
63 67
62 66
67 68
65 68
66 69
68 70
69 70
70 71
