118 142

19 30
5 23
9 27
4 34
6 35
2 30
2 29
2 28
2 27
2 25
2 24
2 33
2 31
2 26
2 32
14 33
1 23
1 21
1 22
17 28
13 36
15 37
3 22
8 29
16 38
12 25
7 32
0 20
11 24
18 39
10 26
30 46
23 43
27 39
34 49
35 50
24 44
25 43
26 45
28 42
29 38
31 48
31 47
32 34
33 48
21 41
21 42
22 35
36 51
37 52
38 53
20 40
39 54
46 60
43 36
49 62
50 63
44 58
45 59
42 57
47 53
47 50
47 54
47 61
48 37
41 56
51 64
52 65
53 66
40 55
54 67
60 73
62 74
63 75
58 71
59 72
57 70
61 62
61 73
61 52
56 63
56 51
56 69
64 76
65 77
66 78
55 68
67 79
73 82
74 84
75 85
71 75
72 83
70 82
69 81
69 64
76 86
77 87
78 88
68 80
79 76
82 91
84 93
85 94
83 92
81 85
81 91
81 90
86 95
87 96
88 97
80 89
91 93
93 100
94 101
92 94
90 99
90 86
95 102
96 103
97 95
89 98
100 103
101 105
99 100
102 106
103 107
98 104
105 109
106 110
107 110
104 108
109 112
110 113
108 107
108 111
112 115
113 116
111 114
115 116
116 117
114 113
