72 88

3 21
0 10
6 23
1 18
1 14
1 16
1 13
1 17
1 15
1 11
1 12
1 19
8 10
2 20
9 20
5 29
5 23
5 25
5 24
5 26
5 28
5 27
5 18
5 22
4 11
7 21
21 39
10 30
23 40
11 31
12 32
13 31
14 33
15 34
16 35
17 36
18 37
19 22
20 38
22 30
22 39
24 40
25 41
26 42
27 43
28 44
29 38
39 50
30 45
40 52
31 46
32 47
33 46
34 48
35 49
36 45
37 50
38 51
41 52
42 53
43 54
44 51
50 58
45 55
52 59
46 56
47 56
48 55
49 57
51 57
53 59
54 60
58 64
55 61
59 64
56 62
57 63
60 63
64 67
61 65
62 66
63 67
67 68
65 68
66 69
68 70
69 70
70 71
