138 156

21 64
29 55
20 63
7 37
1 42
1 41
14 61
33 72
15 62
18 45
24 67
17 44
32 71
11 58
34 73
8 38
16 43
2 44
2 46
2 45
2 47
2 43
30 69
19 48
13 60
35 74
10 57
3 49
3 48
22 65
6 36
25 68
0 36
0 39
0 40
0 38
0 37
4 52
4 54
4 50
4 51
4 53
27 51
12 59
31 70
28 52
26 50
23 66
5 56
5 55
9 41
64 94
55 83
63 93
37 57
41 75
42 78
61 91
72 102
62 92
45 79
67 97
44 63
71 101
58 88
73 103
38 75
43 64
46 80
47 81
69 99
48 79
60 90
74 104
57 87
49 82
65 95
36 58
68 98
39 76
40 77
50 70
51 69
52 83
53 84
54 85
59 89
70 100
66 96
56 86
94 115
83 71
93 66
75 59
78 106
91 114
102 121
79 65
97 118
101 120
88 111
103 122
80 93
81 94
81 107
99 72
90 113
87 60
82 108
95 116
76 87
77 105
77 88
84 99
85 109
85 100
89 112
100 119
96 117
86 110
115 116
106 124
106 89
114 62
121 131
118 68
120 73
111 112
122 74
107 125
113 129
108 95
108 126
116 67
105 123
109 127
112 61
119 120
117 130
110 128
110 101
124 132
131 122
125 96
129 114
126 133
123 90
127 102
130 118
128 134
132 135
133 136
134 137
135 91
136 97
137 103
