138 156

19 48
3 48
3 49
18 45
34 73
16 43
7 37
15 62
8 38
11 58
4 50
4 53
4 54
4 51
4 52
26 50
12 59
5 55
5 56
31 70
10 57
35 74
17 44
9 41
2 45
2 43
2 46
2 47
2 44
20 63
23 66
33 72
22 65
0 36
0 40
0 39
0 37
0 38
1 41
1 42
27 51
6 36
13 60
24 67
14 61
21 64
25 68
32 71
30 69
28 52
29 55
48 79
49 82
45 79
73 103
43 64
37 57
62 92
38 75
58 88
50 70
51 69
52 83
53 84
54 85
59 89
55 83
56 86
70 100
57 87
74 104
44 63
41 75
46 80
47 81
63 93
66 96
72 102
65 95
36 58
39 76
40 77
42 78
60 90
67 97
61 91
64 94
68 98
71 101
69 99
79 65
82 108
103 122
75 59
88 111
83 71
84 99
85 100
85 109
89 112
86 110
100 119
87 60
80 93
81 107
81 94
93 66
96 117
102 121
95 116
76 87
77 105
77 88
78 106
90 113
97 118
91 114
94 115
101 120
99 72
108 95
108 126
122 74
111 112
109 127
112 61
110 101
110 128
119 120
107 125
117 130
121 131
116 67
105 123
106 124
106 89
113 129
118 68
114 62
115 116
120 73
126 133
127 102
128 134
125 96
130 118
131 122
123 90
124 132
129 114
133 136
134 137
132 135
136 97
137 103
135 91
