138 156

17 44
27 51
24 67
35 74
22 65
25 68
28 52
13 60
20 63
0 39
0 37
0 38
0 40
0 36
26 50
19 48
6 36
5 56
5 55
1 42
1 41
4 51
4 53
4 50
4 54
4 52
33 72
15 62
34 73
12 59
29 55
2 43
2 47
2 44
2 46
2 45
10 57
18 45
32 71
7 37
11 58
16 43
3 49
3 48
30 69
8 38
23 66
31 70
14 61
9 41
21 64
44 63
51 69
67 97
74 104
65 95
68 98
52 83
60 90
63 93
36 58
37 57
38 75
39 76
40 77
50 70
48 79
55 83
56 86
41 75
42 78
53 84
54 85
72 102
62 92
73 103
59 89
43 64
45 79
46 80
47 81
57 87
71 101
58 88
49 82
69 99
66 96
70 100
61 91
64 94
97 118
95 116
83 71
90 113
93 66
75 59
76 87
77 88
77 105
79 65
86 110
78 106
84 99
85 109
85 100
102 121
103 122
89 112
80 93
81 107
81 94
87 60
101 120
88 111
82 108
99 72
96 117
100 119
91 114
94 115
118 68
116 67
113 129
105 123
110 128
110 101
106 89
106 124
109 127
121 131
122 74
112 61
107 125
120 73
111 112
108 95
108 126
117 130
119 120
114 62
115 116
129 114
123 90
128 134
124 132
127 102
131 122
125 96
126 133
130 118
134 137
132 135
133 136
137 103
135 91
136 97
