138 156

4 50
4 54
4 53
4 51
4 52
15 62
0 39
0 38
0 37
0 36
0 40
29 55
19 48
6 36
12 59
26 50
34 73
1 42
1 41
18 45
22 65
25 68
24 67
32 71
9 41
23 66
7 37
17 44
8 38
35 74
16 43
31 70
20 63
3 49
3 48
30 69
27 51
5 55
5 56
14 61
33 72
28 52
11 58
13 60
21 64
10 57
2 46
2 43
2 45
2 47
2 44
50 70
51 69
52 83
53 84
54 85
62 92
36 58
37 57
38 75
39 76
40 77
55 83
48 79
59 89
73 103
41 75
42 78
45 79
65 95
68 98
67 97
71 101
66 96
44 63
74 104
43 64
70 100
63 93
49 82
69 99
56 86
61 91
72 102
58 88
60 90
64 94
57 87
46 80
47 81
83 71
84 99
85 109
85 100
75 59
76 87
77 88
77 105
79 65
89 112
103 122
78 106
95 116
97 118
101 120
96 117
100 119
93 66
82 108
99 72
86 110
91 114
102 121
88 111
90 113
94 115
87 60
80 93
81 107
81 94
109 127
105 123
112 61
122 74
106 124
106 89
116 67
118 68
120 73
117 130
119 120
108 95
108 126
110 128
110 101
114 62
121 131
111 112
113 129
115 116
107 125
127 102
123 90
124 132
130 118
126 133
128 134
131 122
129 114
125 96
132 135
133 136
134 137
135 91
136 97
137 103
