138 156

68 98
118 68
25 68
130 118
97 118
136 97
67 97
116 67
24 67
115 116
95 116
108 95
108 126
126 133
82 108
49 82
3 49
3 48
19 48
48 79
45 79
2 45
2 43
16 43
43 64
21 64
64 94
81 94
81 107
107 125
125 96
66 96
93 66
23 66
80 93
63 93
44 63
20 63
17 44
46 80
96 117
47 81
79 65
22 65
74 104
122 74
35 74
131 122
103 122
137 103
73 103
120 73
34 73
119 120
101 120
110 101
110 128
128 134
86 110
56 86
5 56
5 55
29 55
55 83
52 83
4 52
4 50
26 50
50 70
31 70
70 100
85 100
85 109
109 127
127 102
72 102
99 72
33 72
84 99
69 99
51 69
30 69
27 51
53 84
102 121
54 85
83 71
32 71
62 92
114 62
15 62
129 114
91 114
113 129
135 91
61 91
90 113
132 135
112 61
14 61
123 90
60 90
124 132
111 112
89 112
105 123
87 60
13 60
106 124
88 111
59 89
77 105
76 87
57 87
78 106
58 88
75 59
12 59
40 77
39 76
37 57
10 57
42 78
36 58
11 58
38 75
41 75
0 40
7 37
1 42
6 36
8 38
9 41
0 36
0 37
0 38
0 39
1 41
2 44
2 46
2 47
4 51
4 53
4 54
18 45
28 52
65 95
71 101
77 88
94 115
100 119
106 89
117 130
121 131
133 136
134 137
