138 156

27 51
1 41
1 42
30 69
25 68
34 73
16 43
28 52
8 38
26 50
2 44
2 47
2 45
2 46
2 43
21 64
33 72
32 71
18 45
12 59
19 48
20 63
14 61
0 36
0 39
0 38
0 40
0 37
4 51
4 53
4 50
4 52
4 54
17 44
31 70
23 66
15 62
5 56
5 55
22 65
35 74
7 37
10 57
24 67
6 36
3 49
3 48
13 60
9 41
29 55
11 58
51 69
41 75
42 78
69 99
68 98
73 103
43 64
52 83
38 75
50 70
44 63
45 79
46 80
47 81
64 94
72 102
71 101
59 89
48 79
63 93
61 91
36 58
37 57
39 76
40 77
53 84
54 85
70 100
66 96
62 92
55 83
56 86
65 95
74 104
57 87
67 97
49 82
60 90
58 88
75 59
78 106
99 72
103 122
83 71
79 65
80 93
81 107
81 94
94 115
102 121
101 120
89 112
93 66
91 114
76 87
77 88
77 105
84 99
85 100
85 109
100 119
96 117
86 110
95 116
87 60
97 118
82 108
90 113
88 111
106 124
106 89
122 74
107 125
115 116
121 131
120 73
112 61
114 62
105 123
109 127
119 120
117 130
110 128
110 101
116 67
118 68
108 95
108 126
113 129
111 112
124 132
125 96
131 122
123 90
127 102
130 118
128 134
126 133
129 114
132 135
134 137
133 136
135 91
137 103
136 97
