118 142

27 61
61 74
74 92
92 100
100 106
106 103
103 109
109 113
13 53
53 31
31 65
65 57
57 83
83 96
96 102
102 108
108 112
11 33
33 67
67 32
32 66
66 88
88 98
98 104
104 102
28 62
62 86
86 97
97 103
10 39
39 67
16 56
56 82
82 96
8 36
36 52
52 80
80 65
23 44
44 75
75 43
43 74
1 33
1 34
34 68
68 90
90 99
99 105
105 110
110 114
114 116
116 108
15 55
55 66
7 38
38 70
70 55
24 58
58 84
84 73
73 63
63 87
87 97
2 38
2 40
2 37
2 35
2 36
2 39
40 70
40 71
40 69
71 91
71 80
91 81
81 56
69 54
54 81
37 53
35 69
18 46
46 77
77 60
60 85
85 62
4 44
4 45
45 76
76 94
94 101
101 107
107 111
111 115
115 117
117 109
14 54
6 35
29 63
0 32
0 31
0 30
30 64
64 89
64 88
89 83
89 98
25 59
59 42
42 73
21 48
48 59
3 41
3 42
3 43
41 72
72 93
72 92
93 87
93 100
12 52
20 47
47 58
22 50
50 75
9 37
5 47
5 51
5 49
5 48
5 50
5 46
51 77
51 78
51 79
79 95
79 84
95 85
78 61
49 78
17 57
19 49
26 60
