118 142

15 55
10 39
8 36
2 36
2 39
2 40
2 35
2 37
2 38
20 47
28 62
22 50
5 47
5 49
5 48
5 46
5 51
5 50
13 53
3 41
3 43
3 42
21 48
24 58
27 61
9 37
6 35
23 44
19 49
1 33
1 34
4 44
4 45
17 57
11 33
7 38
16 56
12 52
25 59
29 63
14 54
0 31
0 30
0 32
18 46
26 60
55 66
39 67
36 52
35 69
37 53
38 70
40 69
40 71
40 70
47 58
62 86
50 75
46 77
48 59
49 78
51 78
51 77
51 79
53 31
41 72
42 73
43 74
58 84
61 74
44 75
33 67
34 68
45 76
57 83
56 82
52 80
59 42
63 87
54 81
30 64
31 65
32 66
60 85
66 88
67 32
69 54
70 55
71 91
71 80
86 97
75 43
77 60
78 61
79 95
79 84
72 92
72 93
73 63
74 92
84 73
68 90
76 94
83 96
82 96
80 65
87 97
81 56
64 88
64 89
65 57
85 62
88 98
91 81
97 103
95 85
92 100
93 87
93 100
90 99
94 101
96 102
89 83
89 98
98 104
103 109
100 106
99 105
101 107
102 108
104 102
109 113
106 103
105 110
107 111
108 112
110 114
111 115
114 116
115 117
116 108
117 109
