118 142

7 38
17 57
11 33
8 36
0 30
0 32
0 31
28 62
12 52
25 59
2 40
2 39
2 37
2 38
2 35
2 36
18 46
29 63
15 55
16 56
6 35
27 61
4 45
4 44
22 50
14 54
10 39
1 33
1 34
5 49
5 50
5 51
5 48
5 47
5 46
21 48
26 60
3 42
3 41
3 43
23 44
20 47
9 37
24 58
13 53
19 49
38 70
57 83
33 67
36 52
30 64
31 65
32 66
62 86
52 80
59 42
35 69
37 53
39 67
40 70
40 71
40 69
46 77
63 87
55 66
56 82
61 74
44 75
45 76
50 75
54 81
34 68
47 58
48 59
49 78
51 79
51 78
51 77
60 85
41 72
42 73
43 74
58 84
53 31
70 55
83 96
67 32
64 89
64 88
65 57
66 88
86 97
80 65
69 54
71 91
71 80
77 60
87 97
82 96
74 92
75 43
76 94
81 56
68 90
78 61
79 84
79 95
85 62
72 92
72 93
73 63
84 73
96 102
88 98
89 98
89 83
97 103
91 81
92 100
94 101
90 99
95 85
93 100
93 87
102 108
98 104
103 109
100 106
101 107
99 105
108 112
104 102
109 113
106 103
107 111
105 110
111 115
110 114
115 117
114 116
117 109
116 108
