118 142

23 44
44 75
75 43
43 74
74 92
92 100
100 106
106 103
103 109
109 113
11 33
33 67
67 32
32 66
66 88
88 98
98 104
104 102
102 108
108 112
14 54
54 81
81 56
56 82
82 96
96 102
26 60
60 85
85 62
62 86
86 97
97 103
2 38
2 35
2 39
2 40
2 37
2 36
40 69
40 70
40 71
71 91
71 80
91 81
80 65
65 57
57 83
83 96
70 55
55 66
69 54
39 67
38 70
37 53
53 31
31 65
36 52
52 80
35 69
4 44
4 45
45 76
76 94
94 101
101 107
107 111
111 115
115 117
117 109
10 39
18 46
46 77
77 60
25 59
59 42
42 73
73 63
63 87
87 97
29 63
19 49
49 78
78 61
61 74
20 47
47 58
58 84
84 73
24 58
7 38
17 57
22 50
50 75
8 36
13 53
3 42
3 41
3 43
41 72
72 92
72 93
93 100
93 87
21 48
48 59
1 33
1 34
34 68
68 90
90 99
99 105
105 110
110 114
114 116
116 108
5 49
5 50
5 51
5 48
5 46
5 47
51 79
51 77
51 78
79 95
79 84
95 85
6 35
16 56
9 37
15 55
28 62
27 61
0 32
0 30
0 31
30 64
64 88
64 89
89 83
89 98
12 52
