118 142

8 36
19 49
20 47
10 39
18 46
12 52
0 31
0 32
0 30
17 57
3 41
3 43
3 42
13 53
11 33
24 58
5 47
5 50
5 46
5 51
5 48
5 49
21 48
28 62
26 60
4 45
4 44
15 55
29 63
16 56
27 61
1 34
1 33
7 38
22 50
2 40
2 37
2 35
2 38
2 36
2 39
6 35
25 59
9 37
14 54
23 44
36 52
49 78
47 58
39 67
46 77
52 80
30 64
31 65
32 66
57 83
41 72
42 73
43 74
53 31
33 67
58 84
48 59
50 75
51 79
51 77
51 78
62 86
60 85
44 75
45 76
55 66
63 87
56 82
61 74
34 68
38 70
35 69
37 53
40 71
40 69
40 70
59 42
54 81
78 61
67 32
77 60
80 65
64 89
64 88
65 57
66 88
83 96
72 92
72 93
73 63
74 92
84 73
75 43
79 95
79 84
86 97
85 62
76 94
87 97
82 96
68 90
70 55
69 54
71 91
71 80
81 56
88 98
89 98
89 83
96 102
92 100
93 87
93 100
95 85
97 103
94 101
90 99
91 81
98 104
102 108
100 106
103 109
101 107
99 105
104 102
108 112
106 103
109 113
107 111
105 110
111 115
110 114
115 117
114 116
117 109
116 108
