118 142

5 51
5 46
5 50
5 47
5 49
5 48
51 77
51 78
51 79
79 84
79 95
95 85
85 62
62 86
86 97
97 103
103 109
109 113
84 73
73 63
63 87
87 97
78 61
61 74
74 92
92 100
100 106
106 103
77 60
60 85
50 75
75 43
43 74
49 78
48 59
59 42
42 73
47 58
58 84
46 77
12 52
52 80
80 65
65 57
57 83
83 96
96 102
102 108
108 112
27 61
20 47
23 44
44 75
15 55
55 66
66 88
88 98
98 104
104 102
25 59
19 49
1 34
1 33
34 68
68 90
90 99
99 105
105 110
110 114
114 116
116 108
33 67
67 32
32 66
13 53
53 31
31 65
4 45
4 44
45 76
76 94
94 101
101 107
107 111
111 115
115 117
117 109
28 62
9 37
37 53
22 50
18 46
7 38
38 70
70 55
11 33
16 56
56 82
82 96
3 41
3 42
3 43
41 72
72 93
72 92
93 87
93 100
0 30
0 31
0 32
30 64
64 88
64 89
89 83
89 98
8 36
36 52
17 57
6 35
35 69
69 54
54 81
81 56
26 60
29 63
24 58
2 37
2 36
2 35
2 39
2 40
2 38
40 69
40 70
40 71
71 91
71 80
91 81
39 67
14 54
21 48
10 39
