118 142

8 36
36 52
52 80
80 65
65 57
57 83
83 96
96 102
102 108
108 112
16 56
56 82
82 96
21 48
48 59
59 42
42 73
73 63
63 87
87 97
97 103
103 109
109 113
6 35
35 69
69 54
54 81
81 56
0 31
0 30
0 32
32 66
66 88
88 98
98 104
104 102
31 65
30 64
64 88
64 89
89 98
89 83
4 45
4 44
45 76
76 94
94 101
101 107
107 111
111 115
115 117
117 109
44 75
75 43
43 74
74 92
92 100
100 106
106 103
18 46
46 77
77 60
60 85
85 62
62 86
86 97
10 39
39 67
67 32
11 33
33 67
15 55
55 66
3 43
3 41
3 42
41 72
72 93
72 92
93 100
93 87
25 59
5 51
5 49
5 47
5 48
5 46
5 50
51 79
51 77
51 78
79 95
79 84
95 85
84 73
78 61
61 74
50 75
49 78
47 58
58 84
23 44
28 62
7 38
38 70
70 55
22 50
13 53
53 31
17 57
29 63
9 37
37 53
20 47
12 52
24 58
19 49
2 39
2 40
2 35
2 36
2 37
2 38
40 70
40 69
40 71
71 91
71 80
91 81
14 54
27 61
1 33
1 34
34 68
68 90
90 99
99 105
105 110
110 114
114 116
116 108
26 60
