118 142

0 30
0 31
0 32
9 37
22 50
23 44
18 46
8 36
24 58
15 55
4 44
4 45
10 39
19 49
6 35
14 54
2 35
2 36
2 39
2 40
2 38
2 37
3 43
3 42
3 41
1 33
1 34
21 48
11 33
28 62
20 47
25 59
7 38
5 51
5 47
5 46
5 48
5 50
5 49
16 56
29 63
12 52
26 60
13 53
17 57
27 61
30 64
31 65
32 66
37 53
50 75
44 75
46 77
36 52
58 84
55 66
45 76
39 67
49 78
35 69
54 81
38 70
40 70
40 71
40 69
41 72
42 73
43 74
33 67
34 68
48 59
62 86
47 58
59 42
51 78
51 79
51 77
56 82
63 87
52 80
60 85
53 31
57 83
61 74
64 88
64 89
65 57
66 88
75 43
77 60
84 73
76 94
67 32
78 61
69 54
81 56
70 55
71 80
71 91
72 92
72 93
73 63
74 92
68 90
86 97
79 95
79 84
82 96
87 97
80 65
85 62
83 96
88 98
89 98
89 83
94 101
91 81
92 100
93 87
93 100
90 99
97 103
95 85
96 102
98 104
101 107
100 106
99 105
103 109
102 108
104 102
107 111
106 103
105 110
109 113
108 112
111 115
110 114
115 117
114 116
117 109
116 108
