118 142

13 36
9 27
5 23
3 22
10 26
6 35
18 39
14 33
4 34
15 37
11 24
19 30
8 29
0 20
1 21
1 23
1 22
16 38
7 32
17 28
12 25
2 32
2 30
2 24
2 29
2 25
2 33
2 28
2 31
2 27
2 26
36 51
27 39
23 43
22 35
26 45
35 50
39 54
33 48
34 49
37 52
24 44
30 46
29 38
20 40
21 41
21 42
38 53
32 34
28 42
25 43
31 48
31 47
51 64
43 36
45 59
50 63
54 67
48 37
49 62
52 65
44 58
46 60
40 55
41 56
42 57
53 66
47 61
47 53
47 54
47 50
64 76
59 72
63 75
67 79
62 74
65 77
58 71
60 73
55 68
56 63
56 69
56 51
57 70
66 78
61 52
61 62
61 73
76 86
72 83
75 85
79 76
74 84
77 87
71 75
73 82
68 80
69 64
69 81
70 82
78 88
86 95
83 92
85 94
84 93
87 96
82 91
80 89
81 90
81 85
81 91
88 97
95 102
92 94
94 101
93 100
96 103
91 93
89 98
90 86
90 99
97 95
102 106
101 105
100 103
103 107
98 104
99 100
106 110
105 109
107 110
104 108
110 113
109 112
108 111
108 107
113 116
112 115
111 114
116 117
115 116
114 113
