82 96

1 18
1 21
1 19
1 20
14 27
11 25
4 28
10 24
13 32
9 23
2 22
2 23
2 25
2 27
2 24
2 21
2 26
6 30
12 26
16 34
7 31
3 19
8 20
0 17
15 33
5 29
18 36
18 37
19 31
20 32
21 37
27 39
25 34
28 41
24 29
32 45
23 40
22 39
22 38
26 33
30 43
34 47
31 44
17 35
33 46
29 42
36 49
37 42
39 50
41 51
45 54
40 28
38 45
38 47
43 53
47 30
44 41
35 48
46 55
42 52
49 57
49 52
50 58
51 53
54 61
53 60
48 56
55 59
52 59
57 51
58 63
61 66
60 65
56 62
59 64
63 68
66 70
65 69
62 64
62 67
64 60
68 72
70 74
69 73
67 71
72 76
74 69
73 77
71 75
71 65
76 79
77 80
75 78
79 81
78 73
81 77
