152 176

19 55
23 42
14 36
22 57
1 35
1 34
6 44
6 45
5 43
5 42
27 60
0 33
0 32
13 51
24 58
31 63
20 40
16 53
28 61
26 44
8 32
10 49
25 59
18 54
7 47
7 46
30 62
11 34
15 52
4 40
4 41
17 38
2 36
2 37
9 48
21 56
29 46
3 38
3 39
12 50
55 87
42 74
36 68
57 89
34 66
35 66
35 67
44 76
45 76
45 77
43 74
43 75
60 92
32 64
33 65
33 64
51 83
58 90
63 95
40 72
53 85
61 93
49 81
59 91
54 86
46 78
47 79
47 78
62 94
52 84
41 73
41 72
38 70
37 69
37 68
48 80
56 88
39 71
39 70
50 82
87 119
74 58
68 52
89 121
66 50
67 98
67 99
76 60
77 109
77 108
75 107
75 106
92 124
64 48
65 97
65 96
83 115
90 122
95 127
72 56
85 117
93 125
81 113
91 123
86 118
78 62
79 111
79 110
94 126
84 116
73 104
73 105
70 54
69 100
69 101
80 112
88 120
71 102
71 103
82 114
98 129
99 82
108 134
109 92
106 133
107 90
124 61
96 128
97 80
122 59
118 55
110 135
111 94
126 63
116 53
104 132
105 88
100 130
101 84
112 49
120 57
102 131
103 86
114 51
129 137
129 114
134 124
134 142
133 122
133 141
128 112
128 136
135 143
135 126
132 120
132 140
130 116
130 138
131 139
131 118
137 145
142 150
141 149
136 144
143 151
140 148
138 146
139 147
145 83
150 93
149 91
144 81
151 95
148 89
146 85
147 87
