152 176

18 54
54 86
86 118
118 55
55 87
87 119
27 60
60 92
92 124
124 61
61 93
93 125
20 40
40 72
72 56
56 88
88 120
120 57
57 89
89 121
9 48
48 80
80 112
112 49
49 81
81 113
31 63
63 95
95 127
28 61
0 32
0 33
33 64
33 65
64 48
65 96
65 97
97 80
96 128
128 112
128 136
136 144
144 81
32 64
30 62
62 94
94 126
126 63
4 41
4 40
41 72
41 73
73 104
73 105
105 88
104 132
132 140
132 120
140 148
148 89
13 51
51 83
83 115
6 45
6 44
45 76
45 77
76 60
77 109
77 108
109 92
108 134
134 124
134 142
142 150
150 93
44 76
17 38
38 70
70 54
29 46
46 78
78 62
14 36
36 68
68 52
52 84
84 116
116 53
53 85
85 117
15 52
3 39
3 38
39 71
39 70
71 103
71 102
103 86
102 131
131 139
131 118
139 147
147 87
26 44
19 55
23 42
42 74
74 58
58 90
90 122
122 59
59 91
91 123
1 35
1 34
35 67
35 66
66 50
50 82
82 114
114 51
67 99
67 98
99 82
98 129
129 114
129 137
137 145
145 83
34 66
12 50
5 42
5 43
43 74
43 75
75 107
75 106
107 90
106 133
133 122
133 141
141 149
149 91
21 56
11 34
7 46
7 47
47 79
47 78
79 111
79 110
111 94
110 135
135 143
135 126
143 151
151 95
16 53
24 58
22 57
8 32
2 37
2 36
37 68
37 69
69 100
69 101
101 84
100 130
130 116
130 138
138 146
146 85
10 49
25 59
