152 176

9 48
31 63
2 37
2 36
6 44
6 45
25 59
17 38
22 57
8 32
13 51
18 54
3 39
3 38
19 55
20 40
28 61
23 42
16 53
14 36
0 33
0 32
24 58
1 34
1 35
5 42
5 43
21 56
26 44
11 34
15 52
7 46
7 47
30 62
12 50
4 40
4 41
10 49
29 46
27 60
48 80
63 95
36 68
37 68
37 69
44 76
45 76
45 77
59 91
38 70
57 89
32 64
51 83
54 86
39 71
39 70
55 87
40 72
61 93
42 74
53 85
33 65
33 64
58 90
34 66
35 66
35 67
43 74
43 75
56 88
52 84
46 78
47 78
47 79
62 94
50 82
41 72
41 73
49 81
60 92
80 112
95 127
68 52
69 101
69 100
76 60
77 109
77 108
91 123
70 54
89 121
64 48
83 115
86 118
71 103
71 102
87 119
72 56
93 125
74 58
85 117
65 96
65 97
90 122
66 50
67 99
67 98
75 106
75 107
88 120
84 116
78 62
79 110
79 111
94 126
82 114
73 104
73 105
81 113
92 124
112 49
100 130
101 84
108 134
109 92
118 55
102 131
103 86
96 128
97 80
122 59
98 129
99 82
106 133
107 90
120 57
116 53
110 135
111 94
126 63
114 51
104 132
105 88
124 61
130 138
130 116
134 124
134 142
131 139
131 118
128 136
128 112
129 137
129 114
133 122
133 141
135 126
135 143
132 140
132 120
138 146
142 150
139 147
136 144
137 145
141 149
143 151
140 148
146 85
150 93
147 87
144 81
145 83
149 91
151 95
148 89
