152 176

14 36
15 52
3 39
3 38
30 62
13 51
25 59
20 40
24 58
11 34
6 44
6 45
19 55
2 36
2 37
5 43
5 42
4 40
4 41
18 54
28 61
10 49
0 33
0 32
17 38
22 57
31 63
23 42
26 44
27 60
12 50
9 48
21 56
16 53
29 46
8 32
7 47
7 46
1 35
1 34
36 68
52 84
38 70
39 71
39 70
62 94
51 83
59 91
40 72
58 90
34 66
44 76
45 76
45 77
55 87
37 68
37 69
42 74
43 74
43 75
41 72
41 73
54 86
61 93
49 81
32 64
33 65
33 64
57 89
63 95
60 92
50 82
48 80
56 88
53 85
46 78
47 79
47 78
35 66
35 67
68 52
84 116
70 54
71 102
71 103
94 126
83 115
91 123
72 56
90 122
66 50
76 60
77 109
77 108
87 119
69 100
69 101
74 58
75 106
75 107
73 104
73 105
86 118
93 125
81 113
64 48
65 96
65 97
89 121
95 127
92 124
82 114
80 112
88 120
85 117
78 62
79 110
79 111
67 98
67 99
116 53
102 131
103 86
126 63
122 59
108 134
109 92
100 130
101 84
106 133
107 90
104 132
105 88
118 55
96 128
97 80
124 61
114 51
112 49
120 57
110 135
111 94
98 129
99 82
131 118
131 139
134 142
134 124
130 116
130 138
133 122
133 141
132 120
132 140
128 112
128 136
135 143
135 126
129 114
129 137
139 147
142 150
138 146
141 149
140 148
136 144
143 151
137 145
147 87
150 93
146 85
149 91
148 89
144 81
151 95
145 83
