152 176

4 40
4 41
41 73
41 72
72 56
56 88
88 120
120 57
57 89
89 121
73 104
73 105
105 88
104 132
132 120
132 140
140 148
148 89
40 72
27 60
60 92
92 124
124 61
61 93
93 125
12 50
50 82
82 114
114 51
51 83
83 115
11 34
34 66
66 50
6 45
6 44
45 77
45 76
76 60
77 108
77 109
109 92
108 134
134 124
134 142
142 150
150 93
44 76
23 42
42 74
74 58
58 90
90 122
122 59
59 91
91 123
26 44
8 32
32 64
64 48
48 80
80 112
112 49
49 81
81 113
18 54
54 86
86 118
118 55
55 87
87 119
31 63
63 95
95 127
15 52
52 84
84 116
116 53
53 85
85 117
5 43
5 42
43 74
43 75
75 106
75 107
107 90
106 133
133 122
133 141
141 149
149 91
16 53
17 38
38 70
70 54
28 61
2 37
2 36
37 68
37 69
68 52
69 101
69 100
101 84
100 130
130 116
130 138
138 146
146 85
36 68
19 55
14 36
30 62
62 94
94 126
126 63
20 40
7 47
7 46
47 78
47 79
78 62
79 110
79 111
111 94
110 135
135 143
135 126
143 151
151 95
46 78
0 32
0 33
33 64
33 65
65 96
65 97
97 80
96 128
128 112
128 136
136 144
144 81
3 38
3 39
39 71
39 70
71 102
71 103
103 86
102 131
131 139
131 118
139 147
147 87
21 56
13 51
22 57
1 34
1 35
35 66
35 67
67 99
67 98
99 82
98 129
129 114
129 137
137 145
145 83
25 59
29 46
10 49
24 58
9 48
