152 176

17 38
38 70
70 54
54 86
86 118
118 55
55 87
87 119
24 58
58 90
90 122
122 59
59 91
91 123
13 51
51 83
83 115
5 43
5 42
43 75
43 74
74 58
75 106
75 107
107 90
106 133
133 141
133 122
141 149
149 91
42 74
25 59
1 35
1 34
35 66
35 67
66 50
50 82
82 114
114 51
67 98
67 99
99 82
98 129
129 114
129 137
137 145
145 83
34 66
2 36
2 37
37 69
37 68
68 52
52 84
84 116
116 53
53 85
85 117
69 100
69 101
101 84
100 130
130 116
130 138
138 146
146 85
36 68
0 32
0 33
33 65
33 64
64 48
48 80
80 112
112 49
49 81
81 113
65 96
65 97
97 80
96 128
128 136
128 112
136 144
144 81
32 64
7 46
7 47
47 78
47 79
78 62
62 94
94 126
126 63
63 95
95 127
79 110
79 111
111 94
110 135
135 143
135 126
143 151
151 95
46 78
3 38
3 39
39 70
39 71
71 103
71 102
103 86
102 131
131 139
131 118
139 147
147 87
29 46
22 57
57 89
89 121
23 42
21 56
56 88
88 120
120 57
20 40
40 72
72 56
4 40
4 41
41 73
41 72
73 105
73 104
105 88
104 132
132 120
132 140
140 148
148 89
10 49
15 52
11 34
30 62
6 45
6 44
45 76
45 77
76 60
60 92
92 124
124 61
61 93
93 125
77 108
77 109
109 92
108 134
134 142
134 124
142 150
150 93
44 76
18 54
8 32
12 50
31 63
19 55
9 48
28 61
26 44
27 60
16 53
14 36
