152 176

28 61
19 55
22 57
4 40
4 41
9 48
3 38
3 39
12 50
1 35
1 34
23 42
30 62
16 53
11 34
21 56
7 47
7 46
18 54
6 44
6 45
10 49
5 43
5 42
15 52
29 46
14 36
31 63
26 44
2 36
2 37
24 58
25 59
8 32
17 38
27 60
0 33
0 32
13 51
20 40
61 93
55 87
57 89
40 72
41 72
41 73
48 80
38 70
39 71
39 70
50 82
34 66
35 66
35 67
42 74
62 94
53 85
56 88
46 78
47 78
47 79
54 86
44 76
45 76
45 77
49 81
43 74
43 75
52 84
36 68
63 95
37 69
37 68
58 90
59 91
32 64
60 92
33 64
33 65
51 83
93 125
87 119
89 121
72 56
73 105
73 104
80 112
70 54
71 102
71 103
82 114
66 50
67 98
67 99
74 58
94 126
85 117
88 120
78 62
79 111
79 110
86 118
76 60
77 108
77 109
81 113
75 106
75 107
84 116
68 52
95 127
69 101
69 100
90 122
91 123
64 48
92 124
65 96
65 97
83 115
104 132
105 88
112 49
102 131
103 86
114 51
98 129
99 82
126 63
120 57
110 135
111 94
118 55
108 134
109 92
106 133
107 90
116 53
100 130
101 84
122 59
124 61
96 128
97 80
132 120
132 140
131 118
131 139
129 114
129 137
135 143
135 126
134 142
134 124
133 122
133 141
130 116
130 138
128 112
128 136
140 148
139 147
137 145
143 151
142 150
141 149
138 146
136 144
148 89
147 87
145 83
151 95
150 93
149 91
146 85
144 81
