152 176

23 42
42 74
74 58
58 90
90 122
122 59
59 91
91 123
25 59
9 48
48 80
80 112
112 49
49 81
81 113
31 63
63 95
95 127
14 36
36 68
68 52
52 84
84 116
116 53
53 85
85 117
12 50
50 82
82 114
114 51
51 83
83 115
16 53
11 34
34 66
66 50
18 54
54 86
86 118
118 55
55 87
87 119
8 32
32 64
64 48
22 57
57 89
89 121
1 35
1 34
35 67
35 66
67 99
67 98
99 82
98 129
129 114
129 137
137 145
145 83
20 40
40 72
72 56
56 88
88 120
120 57
19 55
0 33
0 32
33 64
33 65
65 96
65 97
97 80
96 128
128 112
128 136
136 144
144 81
15 52
29 46
46 78
78 62
62 94
94 126
126 63
17 38
38 70
70 54
24 58
30 62
4 41
4 40
41 72
41 73
73 104
73 105
105 88
104 132
132 120
132 140
140 148
148 89
21 56
28 61
61 93
93 125
10 49
13 51
5 43
5 42
43 74
43 75
75 107
75 106
107 90
106 133
133 122
133 141
141 149
149 91
6 44
6 45
45 77
45 76
76 60
60 92
92 124
124 61
77 108
77 109
109 92
108 134
134 142
134 124
142 150
150 93
44 76
3 39
3 38
39 70
39 71
71 103
71 102
103 86
102 131
131 139
131 118
139 147
147 87
26 44
2 37
2 36
37 69
37 68
69 100
69 101
101 84
100 130
130 116
130 138
138 146
146 85
7 47
7 46
47 78
47 79
79 111
79 110
111 94
110 135
135 126
135 143
143 151
151 95
27 60
