118 142

11 24
3 22
12 25
19 30
2 33
2 32
2 31
2 29
2 30
2 26
2 28
2 27
2 25
2 24
6 35
1 21
1 23
1 22
4 34
9 27
8 29
15 37
0 20
18 39
13 36
16 38
5 23
10 26
7 32
17 28
14 33
24 44
22 35
25 43
30 46
26 45
27 39
28 42
29 38
31 48
31 47
32 34
33 48
35 50
21 41
21 42
23 43
34 49
37 52
20 40
39 54
36 51
38 53
44 58
43 36
46 60
45 59
42 57
47 50
47 53
47 61
47 54
48 37
50 63
41 56
49 62
52 65
40 55
54 67
51 64
53 66
58 71
60 73
59 72
57 70
61 73
61 52
61 62
63 75
56 63
56 51
56 69
62 74
65 77
55 68
67 79
64 76
66 78
71 75
73 82
72 83
70 82
75 85
69 81
69 64
74 84
77 87
68 80
79 76
76 86
78 88
82 91
83 92
85 94
81 85
81 90
81 91
84 93
87 96
80 89
86 95
88 97
91 93
92 94
94 101
90 86
90 99
93 100
96 103
89 98
95 102
97 95
101 105
99 100
100 103
103 107
98 104
102 106
105 109
107 110
104 108
106 110
109 112
110 113
108 107
108 111
112 115
113 116
111 114
115 116
116 117
114 113
