118 142

3 22
9 27
4 34
2 30
2 28
2 31
2 25
2 27
2 26
2 24
2 29
2 32
2 33
6 35
0 20
14 33
5 23
10 26
8 29
16 38
19 30
15 37
17 28
11 24
13 36
18 39
7 32
12 25
1 21
1 22
1 23
22 35
27 39
34 49
24 44
25 43
26 45
28 42
29 38
30 46
31 48
31 47
32 34
33 48
35 50
20 40
23 43
38 53
37 52
36 51
39 54
21 42
21 41
49 62
44 58
43 36
45 59
42 57
46 60
47 54
47 50
47 53
47 61
48 37
50 63
40 55
53 66
52 65
51 64
54 67
41 56
62 74
58 71
59 72
57 70
60 73
61 52
61 62
61 73
63 75
55 68
66 78
65 77
64 76
67 79
56 51
56 69
56 63
74 84
71 75
72 83
70 82
73 82
75 85
68 80
78 88
77 87
76 86
79 76
69 81
69 64
84 93
83 92
82 91
85 94
80 89
88 97
87 96
86 95
81 90
81 91
81 85
93 100
92 94
91 93
94 101
89 98
97 95
96 103
95 102
90 99
90 86
100 103
101 105
98 104
103 107
102 106
99 100
105 109
104 108
107 110
106 110
109 112
108 107
108 111
110 113
112 115
111 114
113 116
115 116
114 113
116 117
