118 142

3 22
0 20
14 33
6 35
16 38
7 32
5 23
10 26
19 30
15 37
13 36
2 33
2 26
2 24
2 32
2 28
2 31
2 27
2 25
2 29
2 30
11 24
4 34
18 39
17 28
1 23
1 21
1 22
9 27
8 29
12 25
22 35
20 40
33 48
35 50
38 53
32 34
23 43
26 45
30 46
37 52
36 51
24 44
25 43
27 39
28 42
29 38
31 48
31 47
34 49
39 54
21 41
21 42
40 55
48 37
50 63
53 66
43 36
45 59
46 60
52 65
51 64
44 58
42 57
47 54
47 61
47 50
47 53
49 62
54 67
41 56
55 68
63 75
66 78
59 72
60 73
65 77
64 76
58 71
57 70
61 52
61 73
61 62
62 74
67 79
56 51
56 69
56 63
68 80
75 85
78 88
72 83
73 82
77 87
76 86
71 75
70 82
74 84
79 76
69 81
69 64
80 89
85 94
88 97
83 92
82 91
87 96
86 95
84 93
81 91
81 85
81 90
89 98
94 101
97 95
92 94
91 93
96 103
95 102
93 100
90 99
90 86
98 104
101 105
103 107
102 106
100 103
99 100
104 108
105 109
107 110
106 110
108 107
108 111
109 112
110 113
111 114
112 115
113 116
114 113
115 116
116 117
