118 142

17 28
5 23
9 27
0 20
7 32
4 34
11 24
14 33
16 38
8 29
19 30
12 25
1 21
1 23
1 22
18 39
15 37
3 22
2 29
2 33
2 28
2 30
2 24
2 25
2 26
2 27
2 32
2 31
6 35
10 26
13 36
28 42
23 43
27 39
20 40
32 34
34 49
24 44
33 48
38 53
29 38
30 46
25 43
21 41
21 42
22 35
39 54
37 52
26 45
31 47
31 48
35 50
36 51
42 57
43 36
40 55
49 62
44 58
48 37
53 66
46 60
41 56
54 67
52 65
45 59
47 53
47 54
47 61
47 50
50 63
51 64
57 70
55 68
62 74
58 71
66 78
60 73
56 63
56 69
56 51
67 79
65 77
59 72
61 62
61 52
61 73
63 75
64 76
70 82
68 80
74 84
71 75
78 88
73 82
69 81
69 64
79 76
77 87
72 83
75 85
76 86
82 91
80 89
84 93
88 97
81 85
81 90
81 91
87 96
83 92
85 94
86 95
91 93
89 98
93 100
97 95
90 99
90 86
96 103
92 94
94 101
95 102
98 104
100 103
99 100
103 107
101 105
102 106
104 108
107 110
105 109
106 110
108 111
108 107
110 113
109 112
111 114
113 116
112 115
114 113
116 117
115 116
