118 142

12 25
9 27
14 33
3 22
5 23
10 26
18 39
6 35
11 24
16 38
19 30
13 36
7 32
17 28
1 22
1 23
1 21
0 20
2 29
2 25
2 27
2 31
2 33
2 26
2 28
2 32
2 30
2 24
15 37
4 34
8 29
25 43
27 39
33 48
22 35
23 43
26 45
39 54
35 50
24 44
38 53
30 46
36 51
32 34
28 42
21 42
21 41
20 40
29 38
31 48
31 47
37 52
34 49
43 36
48 37
45 59
54 67
50 63
44 58
53 66
46 60
51 64
42 57
41 56
40 55
47 53
47 54
47 50
47 61
52 65
49 62
59 72
67 79
63 75
58 71
66 78
60 73
64 76
57 70
56 51
56 69
56 63
55 68
61 62
61 73
61 52
65 77
62 74
72 83
79 76
75 85
71 75
78 88
73 82
76 86
70 82
69 81
69 64
68 80
77 87
74 84
83 92
85 94
88 97
82 91
86 95
81 90
81 85
81 91
80 89
87 96
84 93
92 94
94 101
97 95
91 93
95 102
90 99
90 86
89 98
96 103
93 100
101 105
102 106
99 100
98 104
103 107
100 103
105 109
106 110
104 108
107 110
109 112
110 113
108 107
108 111
112 115
113 116
111 114
115 116
116 117
114 113
