1-11 34
1 35
35 66
35 67
66 50
50 82
82 114
114 51
51 83
83 115
67 98
67 99
99 82
98 129
129 137
129 114
137 145
145 83
34 66
15 52
52 84
84 116
116 53
53 85
85 117
5 42
5 43
43 75
43 74
74 58
58 90
90 122
122 59
59 91
91 123
75 107
75 106
107 90
106 133
133 141
133 122
141 149
149 91
42 74
27 60
60 92
92 124
124 61
61 93
93 125
10 49
49 81
81 113
17 38
38 70
70 54
54 86
86 118
118 55
55 87
87 119
4 41
4 40
41 73
41 72
72 56
56 88
88 120
120 57
57 89
89 121
73 105
73 104
105 88
104 132
132 120
132 140
140 148
148 89
40 72
16 53
3 38
3 39
39 70
39 71
71 103
71 102
103 86
102 131
131 118
131 139
139 147
147 87
7 46
7 47
47 78
47 79
78 62
62 94
94 126
126 63
63 95
95 127
79 111
79 110
111 94
110 135
135 143
135 126
143 151
151 95
46 78
9 48
48 80
80 112
112 49
12 50
8 32
32 64
64 48
31 63
19 55
22 57
23 42
25 59
24 58
2 37
2 36
37 68
37 69
68 52
69 101
69 100
101 84
100 130
130 138
130 116
138 146
146 85
36 68
30 62
26 44
44 76
76 60
29 46
11 34
21 56
6 44
6 45
45 77
45 76
77 108
77 109
109 92
108 134
134 124
134 142
142 150
150 93
28 61
14 36
13 51
18 54
0 33
0 32
33 65
33 64
65 97
65 96
97 80
96 128
128 112
128 136
136 144
144 81
20 40
1 -> 34
pos_b
try pos (0, 0)
try pos (0, -1)
try pos (1, 0)
1 (0,0) -> 34 (1,1)
1 -> 35
pos_b
try pos (0, 0)
try pos (0, -1)
try pos (1, 0)
try pos (0, -1)
try pos (-1, 0)
try pos (-1, 1)
try pos (1, 1)
1 (0,0) -> 35 (1,1)
35 -> 66
pos_b
try pos (1, 1)
try pos (1, 0)
try pos (2, 1)
35 (1,1) -> 66 (2,2)
35 -> 67
pos_b
try pos (1, 1)
try pos (1, 0)
try pos (2, 1)
try pos (1, 0)
try pos (0, 1)
35 (1,1) -> 67 (0,0)
66 -> 50
pos_b
try pos (2, 1)
try pos (2, 0)
66 (2,1) -> 50 (2,2)
50 -> 82
pos_b
try pos (2, 0)
try pos (2, -1)
try pos (3, 0)
50 (2,0) -> 82 (3,3)
82 -> 114
pos_b
try pos (3, 0)
try pos (3, -1)
try pos (4, 0)
82 (3,0) -> 114 (4,4)
114 -> 51
pos_b
try pos (4, 0)
try pos (4, -1)
try pos (5, 0)
114 (4,0) -> 51 (5,5)
51 -> 83
pos_b
try pos (5, 0)
try pos (5, -1)
try pos (6, 0)
51 (5,0) -> 83 (6,6)
83 -> 115
pos_b
try pos (6, 0)
try pos (6, -1)
try pos (7, 0)
83 (6,0) -> 115 (7,7)
67 -> 98
pos_b
try pos (0, 1)
try pos (0, 0)
try pos (1, 1)
try pos (0, 0)
try pos (-1, 1)
try pos (-1, 2)
try pos (1, 2)
67 (0,1) -> 98 (1,1)
67 -> 99
pos_b
try pos (0, 1)
try pos (0, 0)
try pos (1, 1)
try pos (0, 0)
try pos (-1, 1)
try pos (-1, 2)
try pos (1, 2)
try pos (1, 0)
try pos (-1, 0)
try pos (0, 3)
67 (0,1) -> 99 (0,0)
99 -> 82
99 (0,3) -> 82 (3,3)
98 -> 129
pos_b
try pos (1, 2)
try pos (1, 1)
try pos (2, 2)
98 (1,2) -> 129 (2,2)
129 -> 137
pos_b
try pos (2, 2)
try pos (2, 1)
try pos (3, 2)
129 (2,2) -> 137 (3,3)
129 -> 114
129 (2,2) -> 114 (4,4)
137 -> 145
pos_b
try pos (3, 2)
try pos (3, 1)
137 (3,2) -> 145 (3,3)
145 -> 83
145 (3,1) -> 83 (6,6)
34 -> 66
34 (1,0) -> 66 (2,2)
15 -> 52
pos to 15
try pos (-1, -1)
try pos (-1, -2)
try pos (0, -1)
try pos (-1, -2)
try pos (-2, -1)
try pos (-2, 0)
try pos (0, 0)
try pos (0, -2)
try pos (-2, -2)
try pos (-1, 1)
try pos (1, -1)
try pos (-1, -3)
try pos (-3, -1)
try pos (-2, 1)
try pos (0, 1)
try pos (0, -3)
try pos (-2, -3)
try pos (-3, 0)
try pos (1, 0)
try pos (1, -2)
try pos (-3, -2)
try pos (-1, 2)
try pos (2, -1)
try pos (-1, 2)
try pos (-1, -4)
try pos (-4, -1)
try pos (1, 1)
try pos (1, -3)
try pos (-3, -3)
try pos (-3, 1)
try pos (0, 2)
pos_b
try pos (0, 2)
try pos (0, 1)
try pos (1, 2)
try pos (0, 1)
try pos (-1, 2)
try pos (-1, 3)
try pos (1, 3)
15 (0,2) -> 52 (1,1)
52 -> 84
pos_b
try pos (1, 3)
try pos (1, 2)
try pos (2, 3)
52 (1,3) -> 84 (2,2)
84 -> 116
pos_b
try pos (2, 3)
try pos (2, 2)
try pos (3, 3)
84 (2,3) -> 116 (3,3)
116 -> 53
pos_b
try pos (3, 3)
try pos (3, 2)
try pos (4, 3)
116 (3,3) -> 53 (4,4)
53 -> 85
pos_b
try pos (4, 3)
try pos (4, 2)
53 (4,3) -> 85 (4,4)
85 -> 117
pos_b
try pos (4, 2)
try pos (4, 1)
85 (4,2) -> 117 (4,4)
5 -> 42
pos to 5
try pos (-1, -1)
try pos (-1, -2)
try pos (0, -1)
try pos (-1, -2)
try pos (-2, -1)
try pos (-2, 0)
try pos (0, 0)
try pos (0, -2)
try pos (-2, -2)
try pos (-1, 1)
try pos (1, -1)
try pos (-1, -3)
try pos (-3, -1)
try pos (-2, 1)
try pos (0, 1)
try pos (0, -3)
try pos (-2, -3)
try pos (-3, 0)
try pos (1, 0)
try pos (1, -2)
try pos (-3, -2)
try pos (-1, 2)
try pos (2, -1)
try pos (-1, 2)
try pos (-1, -4)
try pos (-4, -1)
try pos (1, 1)
try pos (1, -3)
try pos (-3, -3)
try pos (-3, 1)
try pos (0, 2)
try pos (2, 0)
try pos (2, -2)
try pos (0, -4)
try pos (-2, -4)
try pos (-4, -2)
try pos (-4, 0)
try pos (-2, 2)
try pos (-1, 3)
try pos (3, -1)
try pos (-1, -5)
try pos (-5, -1)
try pos (1, 2)
try pos (2, 1)
try pos (2, -3)
try pos (1, -4)
try pos (-3, -4)
try pos (-4, -3)
try pos (-4, 1)
try pos (-3, 2)
try pos (0, 3)
try pos (3, 0)
try pos (3, -2)
try pos (0, -5)
try pos (-2, -5)
try pos (-5, -2)
try pos (-5, 0)
try pos (-2, 3)
try pos (-1, 4)
try pos (4, -1)
try pos (-1, -6)
try pos (-6, -1)
try pos (1, 1)
try pos (-1, -1)
try pos (-1, -1)
No solution!

  1  67  15  99  -1  -1  -1  -1  -1  -1  -1  -1  -1 
 34  35  98  52  -1  -1  -1  -1  -1  -1  -1  -1  -1 
 50  66 129  84  -1  -1  -1  -1  -1  -1  -1  -1  -1 
 82 145 137 116  -1  -1  -1  -1  -1  -1  -1  -1  -1 
114 117  85  53  -1  -1  -1  -1  -1  -1  -1  -1  -1 
 51  -1  -1  -1  -1  -1  -1  -1  -1  -1  -1  -1  -1 
 83  -1  -1  -1  -1  -1  -1  -1  -1  -1  -1  -1  -1 
115  -1  -1  -1  -1  -1  -1  -1  -1  -1  -1  -1  -1 
 -1  -1  -1  -1  -1  -1  -1  -1  -1  -1  -1  -1  -1 
 -1  -1  -1  -1  -1  -1  -1  -1  -1  -1  -1  -1  -1 
 -1  -1  -1  -1  -1  -1  -1  -1  -1  -1  -1  -1  -1 
 -1  -1  -1  -1  -1  -1  -1  -1  -1  -1  -1  -1  -1 
 -1  -1  -1  -1  -1  -1  -1  -1  -1  -1  -1  -1  -1 
Time placement: 0 ms

