118 142

7 38
38 70
70 55
55 66
66 88
88 98
98 104
104 102
102 108
108 112
5 48
5 51
5 49
5 50
5 47
5 46
51 79
51 77
51 78
79 84
79 95
95 85
85 62
62 86
86 97
97 103
103 109
109 113
84 73
73 63
63 87
87 97
78 61
61 74
74 92
92 100
100 106
106 103
77 60
60 85
50 75
75 43
43 74
49 78
48 59
59 42
42 73
47 58
58 84
46 77
14 54
54 81
81 56
56 82
82 96
96 102
19 49
12 52
52 80
80 65
65 57
57 83
83 96
3 42
3 43
3 41
41 72
72 92
72 93
93 100
93 87
25 59
22 50
18 46
2 35
2 39
2 36
2 40
2 37
2 38
40 69
40 71
40 70
71 80
71 91
91 81
69 54
39 67
67 32
32 66
37 53
53 31
31 65
36 52
35 69
13 53
8 36
23 44
44 75
26 60
20 47
1 33
1 34
34 68
68 90
90 99
99 105
105 110
110 114
114 116
116 108
33 67
4 45
4 44
45 76
76 94
94 101
101 107
107 111
111 115
115 117
117 109
9 37
11 33
0 31
0 32
0 30
30 64
64 89
64 88
89 98
89 83
21 48
28 62
10 39
27 61
15 55
17 57
24 58
16 56
6 35
29 63
