118 142

13 53
7 38
6 35
17 57
16 56
27 61
18 46
24 58
3 43
3 42
3 41
8 36
26 60
9 37
2 35
2 36
2 39
2 38
2 37
2 40
11 33
20 47
1 34
1 33
19 49
21 48
25 59
12 52
14 54
4 45
4 44
29 63
10 39
28 62
5 48
5 50
5 46
5 47
5 49
5 51
15 55
23 44
0 31
0 32
0 30
22 50
53 31
38 70
35 69
57 83
56 82
61 74
46 77
58 84
41 72
42 73
43 74
36 52
60 85
37 53
39 67
40 71
40 70
40 69
33 67
47 58
34 68
49 78
48 59
59 42
52 80
54 81
44 75
45 76
63 87
62 86
50 75
51 78
51 77
51 79
55 66
30 64
31 65
32 66
70 55
69 54
83 96
82 96
74 92
77 60
84 73
72 92
72 93
73 63
85 62
67 32
71 91
71 80
68 90
78 61
80 65
81 56
75 43
76 94
87 97
86 97
79 95
79 84
66 88
64 89
64 88
65 57
96 102
92 100
93 100
93 87
91 81
90 99
94 101
97 103
95 85
88 98
89 83
89 98
102 108
100 106
99 105
101 107
103 109
98 104
108 112
106 103
105 110
107 111
109 113
104 102
110 114
111 115
114 116
115 117
116 108
117 109
