118 142

29 63
5 46
5 47
5 48
5 49
5 51
5 50
25 59
18 46
2 38
2 37
2 35
2 36
2 40
2 39
27 61
3 42
3 43
3 41
22 50
0 32
0 30
0 31
17 57
8 36
24 58
11 33
20 47
10 39
12 52
4 45
4 44
13 53
7 38
21 48
28 62
26 60
14 54
15 55
1 34
1 33
16 56
23 44
19 49
9 37
6 35
63 87
46 77
47 58
48 59
49 78
50 75
51 79
51 78
51 77
59 42
35 69
36 52
37 53
38 70
39 67
40 71
40 70
40 69
61 74
41 72
42 73
43 74
30 64
31 65
32 66
57 83
58 84
33 67
52 80
44 75
45 76
53 31
62 86
60 85
54 81
55 66
34 68
56 82
87 97
77 60
78 61
75 43
79 95
79 84
69 54
70 55
67 32
71 80
71 91
74 92
72 93
72 92
73 63
64 89
64 88
65 57
66 88
83 96
84 73
80 65
76 94
86 97
85 62
81 56
68 90
82 96
97 103
95 85
91 81
92 100
93 100
93 87
88 98
89 83
89 98
96 102
94 101
90 99
103 109
100 106
98 104
102 108
101 107
99 105
109 113
106 103
104 102
108 112
107 111
105 110
111 115
110 114
115 117
114 116
117 109
116 108
