118 142

23 44
12 52
4 44
4 45
16 56
13 53
21 48
24 58
26 60
19 49
0 30
0 31
0 32
10 39
14 54
29 63
22 50
6 35
3 43
3 41
3 42
8 36
1 34
1 33
5 51
5 50
5 47
5 46
5 49
5 48
28 62
11 33
15 55
7 38
20 47
9 37
18 46
25 59
27 61
2 38
2 39
2 36
2 37
2 40
2 35
17 57
44 75
52 80
45 76
56 82
53 31
48 59
58 84
60 85
49 78
30 64
31 65
32 66
39 67
54 81
63 87
50 75
35 69
41 72
42 73
43 74
36 52
33 67
34 68
46 77
47 58
51 79
51 77
51 78
62 86
55 66
38 70
37 53
59 42
61 74
40 70
40 71
40 69
57 83
75 43
80 65
76 94
82 96
84 73
85 62
78 61
64 88
64 89
65 57
66 88
67 32
81 56
87 97
69 54
72 93
72 92
73 63
74 92
68 90
77 60
79 84
79 95
86 97
70 55
71 91
71 80
83 96
94 101
96 102
88 98
89 83
89 98
97 103
92 100
93 87
93 100
90 99
95 85
91 81
101 107
102 108
98 104
103 109
100 106
99 105
107 111
108 112
104 102
109 113
106 103
105 110
111 115
110 114
115 117
114 116
117 109
116 108
