10-110 39
39 67
67 32
32 66
66 88
88 98
98 104
104 102
102 108
108 112
3 43
3 42
3 41
43 74
74 92
92 100
100 106
106 103
103 109
109 113
42 73
73 63
63 87
87 97
97 103
41 72
72 93
72 92
93 87
93 100
4 45
4 44
45 76
76 94
94 101
101 107
107 111
111 115
115 117
117 109
44 75
75 43
26 60
60 85
85 62
62 86
86 97
2 40
2 36
2 39
2 37
2 35
2 38
40 71
40 70
40 69
71 91
71 80
91 81
81 56
56 82
82 96
96 102
80 65
65 57
57 83
83 96
70 55
55 66
69 54
54 81
38 70
37 53
53 31
31 65
36 52
52 80
35 69
13 53
24 58
58 84
84 73
27 61
61 74
1 33
1 34
34 68
68 90
90 99
99 105
105 110
110 114
114 116
116 108
33 67
9 37
20 47
47 58
8 36
5 47
5 46
5 48
5 49
5 51
5 50
51 77
51 78
51 79
79 84
79 95
95 85
78 61
77 60
50 75
49 78
48 59
59 42
46 77
6 35
15 55
18 46
16 56
0 31
0 30
0 32
30 64
64 88
64 89
89 83
89 98
22 50
28 62
23 44
12 52
25 59
11 33
19 49
29 63
21 48
14 54
17 57
7 38
10 -> 39
pos_b
try pos (0, 0)
try pos (0, 1)
10 (0,0) -> 39 (0,0)
39 -> 67
pos_b
try pos (0, 1)
try pos (0, 2)
39 (0,1) -> 67 (0,0)
67 -> 32
pos_b
try pos (0, 2)
try pos (0, 3)
67 (0,2) -> 32 (0,0)
32 -> 66
pos_b
try pos (0, 3)
try pos (0, 4)
32 (0,3) -> 66 (0,0)
66 -> 88
pos_b
try pos (0, 4)
try pos (0, 5)
66 (0,4) -> 88 (0,0)
88 -> 98
pos_b
try pos (0, 5)
try pos (0, 6)
88 (0,5) -> 98 (0,0)
98 -> 104
pos_b
try pos (0, 6)
try pos (0, 7)
98 (0,6) -> 104 (0,0)
104 -> 102
pos_b
try pos (0, 7)
try pos (0, 8)
104 (0,7) -> 102 (0,0)
102 -> 108
pos_b
try pos (0, 8)
try pos (0, 9)
102 (0,8) -> 108 (0,0)
108 -> 112
pos_b
try pos (0, 9)
try pos (0, 10)
108 (0,9) -> 112 (0,0)
3 -> 43
pos to 3
try pos (-1, -1)
try pos (-1, 0)
try pos (0, -1)
try pos (-1, -2)
try pos (-2, 0)
try pos (-2, 0)
try pos (0, 0)
try pos (0, -2)
try pos (-2, -2)
try pos (-1, 1)
try pos (1, -1)
try pos (-1, -3)
try pos (-3, -1)
try pos (-2, 1)
try pos (0, 1)
try pos (0, -3)
try pos (-2, -3)
try pos (-3, 0)
try pos (1, 0)
pos_b
try pos (1, 0)
try pos (1, 1)
3 (1,0) -> 43 (1,1)
3 -> 42
pos_b
try pos (1, 0)
try pos (1, 1)
try pos (2, 0)
3 (1,0) -> 42 (2,2)
3 -> 41
pos_b
try pos (1, 0)
try pos (1, 1)
try pos (2, 0)
try pos (1, -1)
try pos (0, 1)
try pos (0, 1)
try pos (2, 1)
3 (1,0) -> 41 (2,2)
43 -> 74
pos_b
try pos (1, 1)
try pos (1, 2)
43 (1,1) -> 74 (1,1)
74 -> 92
pos_b
try pos (1, 2)
try pos (1, 3)
74 (1,2) -> 92 (1,1)
92 -> 100
pos_b
try pos (1, 3)
try pos (1, 4)
92 (1,3) -> 100 (1,1)
100 -> 106
pos_b
try pos (1, 4)
try pos (1, 5)
100 (1,4) -> 106 (1,1)
106 -> 103
pos_b
try pos (1, 5)
try pos (1, 6)
106 (1,5) -> 103 (1,1)
103 -> 109
pos_b
try pos (1, 6)
try pos (1, 7)
103 (1,6) -> 109 (1,1)
109 -> 113
pos_b
try pos (1, 7)
try pos (1, 8)
109 (1,7) -> 113 (1,1)
42 -> 73
pos_b
try pos (2, 0)
try pos (2, 1)
try pos (3, 0)
42 (2,0) -> 73 (3,3)
73 -> 63
pos_b
try pos (3, 0)
try pos (3, 1)
73 (3,0) -> 63 (3,3)
63 -> 87
pos_b
try pos (3, 1)
try pos (3, 2)
63 (3,1) -> 87 (3,3)
87 -> 97
pos_b
try pos (3, 2)
try pos (3, 3)
87 (3,2) -> 97 (3,3)
97 -> 103
97 (3,3) -> 103 (1,1)
41 -> 72
pos_b
try pos (2, 1)
try pos (2, 2)
41 (2,1) -> 72 (2,2)
72 -> 93
pos_b
try pos (2, 2)
try pos (2, 3)
72 (2,2) -> 93 (2,2)
72 -> 92
72 (2,2) -> 92 (1,1)
93 -> 87
93 (2,3) -> 87 (3,3)
93 -> 100
93 (2,3) -> 100 (1,1)
4 -> 45
pos to 4
try pos (-1, -1)
try pos (-1, 0)
try pos (0, -1)
try pos (-1, -2)
try pos (-2, 0)
try pos (-2, 0)
try pos (0, 0)
try pos (0, -2)
try pos (-2, -2)
try pos (-1, 1)
try pos (1, -1)
try pos (-1, -3)
try pos (-3, -1)
try pos (-2, 1)
try pos (0, 1)
try pos (0, -3)
try pos (-2, -3)
try pos (-3, 0)
try pos (1, 0)
try pos (1, -2)
try pos (-3, -2)
try pos (-1, 2)
try pos (2, -1)
try pos (-1, 2)
try pos (-1, -4)
try pos (-4, -1)
try pos (1, 1)
try pos (1, -3)
try pos (-3, -3)
try pos (-3, 1)
try pos (0, 2)
try pos (2, 0)
try pos (2, -2)
try pos (0, -4)
try pos (-2, -4)
try pos (-4, -2)
try pos (-4, 0)
try pos (-2, 2)
try pos (-1, 3)
try pos (3, -1)
try pos (-1, -5)
try pos (-5, -1)
try pos (1, 2)
try pos (2, 1)
try pos (2, -3)
try pos (1, -4)
try pos (-3, -4)
try pos (-4, -3)
try pos (-4, 1)
try pos (-3, 2)
try pos (0, 3)
try pos (3, 0)
try pos (3, -2)
try pos (0, -5)
try pos (-2, -5)
try pos (-5, -2)
try pos (-5, 0)
try pos (-2, 3)
try pos (-1, 4)
try pos (4, -1)
try pos (-1, -6)
try pos (-6, -1)
try pos (1, 1)
try pos (-1, -1)
try pos (-1, -1)
No solution!

 10  39  67  32  66  88  98 104 102 108 112 
  3  43  74  92 100 106 103 109 113  -1  -1 
 42  41  72  93  -1  -1  -1  -1  -1  -1  -1 
 73  63  87  97  -1  -1  -1  -1  -1  -1  -1 
 -1  -1  -1  -1  -1  -1  -1  -1  -1  -1  -1 
 -1  -1  -1  -1  -1  -1  -1  -1  -1  -1  -1 
 -1  -1  -1  -1  -1  -1  -1  -1  -1  -1  -1 
 -1  -1  -1  -1  -1  -1  -1  -1  -1  -1  -1 
 -1  -1  -1  -1  -1  -1  -1  -1  -1  -1  -1 
 -1  -1  -1  -1  -1  -1  -1  -1  -1  -1  -1 
 -1  -1  -1  -1  -1  -1  -1  -1  -1  -1  -1 
Time placement: 0 ms

